1,722
1,726
1,718
1,2
1,3
1,4
1,5
2,722
2,717
2,3
2,4
2,5
3,725
3,719
3,718
3,714
3,4
3,5
4,722
4,719
4,731
4,714
4,713
4,718
4,725
4,5
4,5
5,722
5,717
5,731
5,719
5,714
6,936
6,935
6,341
6,7
6,8
6,9
6,10
6,11
6,12
6,13
7,11
7,12
7,8
7,9
7,10
8,11
8,9
8,10
9,336
9,355
9,353
9,344
9,110
9,825
9,967
9,970
9,10
9,11
9,12
10,336
10,341
10,343
10,353
10,355
10,344
10,11
10,12
10,13
11,936
11,341
11,351
11,353
11,338
11,12
11,13
11,12
12,936
12,935
12,13
13,935
13,936
14,458
14,276
14,277
14,954
14,287
14,15
14,16
14,17
14,18
15,276
15,274
15,277
15,954
15,16
15,17
15,18
16,18
16,290
16,287
17,277
17,274
19,234
19,231
19,248
19,238
19,235
19,20
19,21
19,22
19,23
20,236
20,235
20,245
20,21
20,22
20,23
20,22
20,21
20,21
20,21
21,236
21,244
21,235
21,245
21,264
21,240
21,260
21,22
21,23
22,23
22,234
22,238
22,248
22,250
22,251
22,257
22,258
23,234
24,35
24,29
24,37
24,38
24,31
24,42
24,48
24,49
24,51
24,25
24,26
25,35
25,50
25,53
25,51
25,40
25,321
25,26
25,28
25,29
26,44
26,45
26,49
26,50
26,52
26,28
25,35
25,50
25,53
25,51
25,40
25,321
25,26
25,28
25,29
28,52
28,43
28,51
28,735
28,321
28,44
28,467
28,678
28,29
28,35
28,36
28,37
28,38
29,43
29,31
29,42
29,35
29,36
29,37
30,41
30,31
30,32
30,33
31,53
31,40
31,314
31,44
31,32
31,33
31,35
31,41
31,42
31,43
31,45
31,46
32,41
33,53
33,45
33,325
33,321
33,314
33,35
33,41
28,52
28,43
28,51
28,735
28,321
28,44
28,467
28,678
28,29
28,35
28,36
28,37
28,38
35,323
35,317
35,314
35,325
35,321
35,36
35,37
35,38
35,40
35,41
35,42
35,43
35,44
35,45
35,46
35,47
35,48
35,49
35,50
35,51
35,52
35,53
36,38
36,42
37,52
37,46
37,51
37,53
37,38
38,47
38,48
38,45
38,53
38,50
38,52
38,40
38,41
38,42
38,43
35,323
35,317
35,314
35,325
35,321
35,36
35,37
35,38
35,40
35,41
35,42
35,43
35,44
35,45
35,46
35,47
35,48
35,49
35,50
35,51
35,52
35,53
40,48
40,44
40,45
40,41
40,42
42,47
43,47
44,321
44,315
44,323
44,644
44,45
44,46
44,47
44,48
44,49
44,50
44,51
44,52
46,48
46,49
46,50
46,51
46,52
46,53
46,50
50,51
50,52
50,53
50,52
51,52
52,735
52,96
52,53
52,53
52,53
52,53
54,77
54,68
54,73
54,69
54,67
54,71
54,448
54,503
54,776
54,702
54,706
54,55
54,56
54,57
54,58
54,59
54,60
54,61
54,62
54,63
54,64
55,73
55,56
55,57
56,73
56,65
56,75
56,76
56,58
56,59
56,60
57,63
58,77
58,73
58,69
59,68
59,69
59,70
59,447
59,448
59,451
59,452
59,60
59,61
60,70
60,452
60,507
60,503
60,508
60,61
60,62
61,68
61,452
61,447
61,62
61,63
61,64
61,65
61,72
62,69
62,507
62,818
62,819
62,448
62,706
62,703
62,710
62,63
62,64
62,65
63,69
63,77
63,507
64,71
64,452
65,501
65,451
65,819
65,66
65,67
65,68
65,69
65,70
65,71
65,72
65,73
65,74
65,75
65,76
65,77
65,78
65,79
65,80
65,81
66,76
66,78
66,79
66,484
66,67
66,68
66,69
66,70
66,71
67,506
67,500
67,74
67,508
67,77
67,68
67,69
67,70
67,71
68,448
68,503
69,76
70,76
71,72
71,73
71,74
71,75
72,486
72,499
72,501
72,500
72,73
72,74
73,501
73,486
73,505
73,74
73,75
73,76
73,77
73,78
74,486
74,500
74,487
74,499
74,502
74,503
75,485
75,501
75,451
75,80
75,76
75,77
75,78
76,485
76,484
76,486
76,487
76,500
76,502
76,507
76,501
76,451
76,450
76,454
76,77
76,78
76,79
76,80
76,81
76,81
76,81
77,80
78,485
79,485
79,80
79,81
79,81
79,81
79,81
79,81
79,81
80,451
81,485
81,499
81,505
81,508
82,473
82,393
82,390
82,391
82,392
82,662
82,666
82,83
82,84
82,85
82,86
82,87
82,88
83,470
83,391
83,393
83,392
83,662
83,84
83,85
83,87
83,88
84,470
84,473
84,391
84,917
84,660
84,160
84,168
84,927
84,165
84,85
84,86
84,87
84,88
84,90
84,91
84,92
85,470
85,473
85,393
85,86
86,986
86,473
86,393
86,392
86,87
86,88
86,90
86,91
86,92
87,473
87,92
87,390
87,391
87,408
87,393
87,88
88,393
88,391
84,470
84,473
84,391
84,917
84,660
84,160
84,168
84,927
84,165
84,85
84,86
84,87
84,88
84,90
84,91
84,92
90,470
90,392
90,393
90,91
90,92
91,470
91,986
92,470
92,473
93,845
93,745
93,97
93,99
93,96
93,94
93,95
94,735
94,733
94,737
94,738
94,95
95,845
95,846
95,745
95,96
95,99
95,101
96,845
96,748
96,735
96,737
96,97
96,98
96,99
97,748
97,845
97,846
97,101
97,98
97,99
97,99
97,99
98,748
98,737
98,735
99,748
99,845
99,101
95,845
95,846
95,745
95,96
95,99
95,101
101,845
102,116
102,103
103,117
103,114
103,111
103,354
103,105
103,106
103,107
103,108
103,109
103,117
103,114
103,111
103,354
103,105
103,106
103,107
103,108
103,109
105,117
105,108
105,107
105,113
105,114
105,106
106,111
106,116
106,341
106,336
106,107
106,108
106,109
106,110
106,113
106,114
107,117
107,111
107,354
107,108
107,109
107,110
107,113
107,114
108,111
108,354
108,353
108,109
108,110
108,113
108,114
108,116
108,117
109,117
109,111
109,354
110,342
110,336
110,977
110,967
110,111
111,116
111,114
111,342
111,338
106,111
106,116
106,341
106,336
106,107
106,108
106,109
106,110
106,113
106,114
113,354
113,114
114,116
114,117
114,116
114,117
118,127
118,139
118,126
118,131
118,119
118,120
118,121
118,122
118,123
119,127
119,128
119,131
119,149
119,120
119,121
119,122
119,123
119,120
119,120
119,120
120,127
120,124
120,130
120,133
120,134
120,136
120,141
120,142
120,148
120,149
120,121
120,122
120,123
120,121
121,127
121,139
121,138
121,143
121,152
121,150
121,151
121,131
121,122
121,123
122,127
122,130
122,128
122,132
122,152
123,127
123,139
123,143
123,144
124,125
124,126
124,127
124,128
125,141
125,126
125,143
125,145
125,127
126,151
126,152
126,150
126,798
126,803
126,806
126,812
126,802
126,678
126,644
126,127
126,128
126,130
126,131
126,133
126,134
126,135
126,136
126,137
126,138
126,139
126,140
126,141
126,142
126,143
126,144
126,145
126,146
126,147
126,148
127,798
127,552
127,128
127,130
127,131
127,132
127,133
127,134
127,135
127,136
127,137
127,138
127,139
127,140
127,141
127,142
127,143
127,144
127,145
127,146
127,147
127,148
127,149
127,150
127,151
127,152
128,150
128,131
128,130
127,798
127,552
127,128
127,130
127,131
127,132
127,133
127,134
127,135
127,136
127,137
127,138
127,139
127,140
127,141
127,142
127,143
127,144
127,145
127,146
127,147
127,148
127,149
127,150
127,151
127,152
130,151
130,152
130,141
130,131
130,132
130,133
131,142
131,143
131,138
131,132
131,133
132,151
133,151
133,134
133,135
133,136
133,137
133,138
133,139
134,135
134,136
134,137
135,144
135,138
135,143
137,139
137,152
137,151
137,142
138,148
138,139
140,151
140,148
141,152
141,142
141,143
141,144
141,145
141,146
142,152
142,150
142,143
142,144
143,146
143,145
143,802
143,803
143,806
143,144
143,147
144,146
145,146
145,147
145,148
146,147
148,152
148,150
148,149
150,152
150,152
150,152
150,152
151,152
151,152
151,152
153,928
153,934
153,933
153,927
153,932
153,725
153,719
153,718
153,467
153,287
153,192
153,536
153,532
153,965
153,768
153,549
153,193
153,240
153,878
153,177
153,154
153,155
153,156
153,157
153,158
153,159
153,160
153,161
153,162
153,163
153,164
153,165
153,166
153,167
153,168
153,169
153,170
153,171
153,172
153,173
153,174
153,175
154,171
154,169
154,160
154,156
154,157
155,162
155,165
155,167
155,174
155,156
155,157
155,158
156,162
156,175
156,166
156,159
156,161
156,157
157,169
157,166
158,928
158,159
158,160
158,161
158,162
158,163
158,164
158,165
158,166
158,167
158,168
158,169
158,170
158,171
158,172
158,173
158,174
158,175
158,168
158,160
158,175
158,168
158,160
158,168
158,168
158,173
158,168
159,170
159,161
160,167
160,928
160,934
160,932
160,927
160,165
160,725
160,714
160,719
160,718
160,467
160,684
160,532
160,768
160,906
160,192
160,965
160,549
160,661
160,536
160,161
160,162
160,163
160,164
160,166
160,168
160,169
160,170
160,171
160,172
160,173
160,174
160,175
160,168
160,168
160,168
160,168
160,168
160,168
160,168
160,168
160,168
160,168
160,168
160,168
160,168
160,168
161,933
161,714
161,713
162,933
162,172
162,932
162,929
162,725
162,927
162,684
162,532
162,536
162,287
162,768
162,163
162,164
162,165
162,166
162,167
162,168
162,169
162,170
162,171
162,173
162,174
163,175
163,164
163,165
164,934
164,165
165,175
165,173
165,929
165,725
165,714
165,713
165,718
165,287
165,277
165,965
165,166
165,167
165,168
166,175
166,174
166,173
166,934
166,932
166,167
166,168
167,175
167,168
167,169
167,170
167,174
168,928
168,932
168,934
168,927
168,929
168,725
168,718
168,467
168,684
168,287
168,768
168,906
168,192
168,965
168,878
168,532
168,536
168,549
168,661
168,240
168,832
168,967
168,169
168,170
168,171
168,172
168,173
168,174
168,175
169,171
170,934
170,933
171,928
172,933
172,173
172,929
173,174
174,932
174,933
176,463
176,464
176,830
176,177
177,464
177,463
177,967
177,830
177,832
177,549
178,727
178,673
178,676
178,179
178,180
178,181
178,182
178,183
179,673
179,675
179,677
179,678
179,180
179,181
179,182
180,727
180,673
180,672
180,678
180,680
180,182
180,183
181,182
181,676
181,679
182,728
182,675
182,680
182,183
183,728
183,727
183,729
184,203
184,185
184,186
184,187
184,188
184,189
184,190
184,191
185,362
185,363
185,366
185,379
185,380
185,186
186,377
186,376
186,361
186,360
186,367
186,368
186,374
186,372
186,378
186,187
186,188
186,189
186,190
186,191
186,195
186,196
186,197
186,198
186,199
186,200
186,201
186,202
186,203
186,204
186,205
186,206
186,207
187,202
187,198
187,205
187,207
187,369
187,374
188,376
188,369
188,372
188,378
188,202
188,189
188,190
188,191
188,195
188,196
188,197
188,198
188,199
189,203
189,205
189,206
189,207
189,190
190,377
190,362
190,376
190,378
190,380
190,383
190,368
190,191
190,195
191,376
191,372
191,369
191,378
191,617
191,532
191,521
191,536
191,370
191,425
191,906
191,213
191,662
191,587
191,195
191,196
191,197
191,198
191,199
191,200
191,201
191,203
191,204
192,193
193,549
186,377
186,376
186,361
186,360
186,367
186,368
186,374
186,372
186,378
186,187
186,188
186,189
186,190
186,191
186,195
186,196
186,197
186,198
186,199
186,200
186,201
186,202
186,203
186,204
186,205
186,206
186,207
195,199
195,362
195,201
195,202
195,367
195,360
195,198
195,196
195,197
196,199
196,377
197,361
197,376
198,377
198,361
198,367
198,368
198,369
198,372
198,199
198,200
198,201
198,202
199,363
199,359
200,367
200,372
200,362
200,378
200,201
200,202
200,203
200,204
200,205
201,362
201,367
201,369
201,370
201,202
201,203
202,377
202,369
202,374
202,372
202,362
202,368
202,378
202,382
202,370
202,839
202,617
202,203
202,204
202,205
202,206
202,207
202,207
202,203
203,369
203,372
203,204
203,205
203,206
203,207
204,377
205,207
205,374
206,369
206,368
207,374
207,362
207,361
208,215
208,214
208,219
208,209
208,210
208,211
209,225
209,214
209,215
209,221
209,600
209,210
209,211
210,600
210,613
210,617
210,609
210,532
210,211
210,213
210,214
210,215
210,216
210,217
210,218
210,219
210,220
210,221
210,222
210,223
211,221
211,215
211,219
211,600
211,616
211,609
211,213
211,214
210,600
210,613
210,617
210,609
210,532
210,211
210,213
210,214
210,215
210,216
210,217
210,218
210,219
210,220
210,221
210,222
210,223
213,218
213,221
213,609
213,532
213,536
213,227
213,214
213,215
214,225
214,215
214,216
214,217
215,222
215,600
215,613
215,616
215,479
215,216
215,217
215,218
215,219
216,219
216,222
216,223
217,223
217,220
218,600
218,609
218,479
218,836
218,219
218,220
218,221
218,222
218,223
218,225
218,227
219,613
219,220
220,223
221,223
221,225
221,227
222,223
223,225
223,225
218,600
218,609
218,479
218,836
218,219
218,220
218,221
218,222
218,223
218,225
218,227
228,243
228,236
228,235
228,238
228,229
228,230
228,231
228,232
228,233
228,234
229,237
229,235
229,245
229,243
229,230
229,231
229,232
229,233
229,234
229,248
229,250
229,251
229,252
229,253
229,254
229,255
229,256
230,232
230,254
230,260
230,262
230,231
231,237
231,232
231,233
231,234
231,245
232,236
232,233
232,234
232,245
232,237
232,248
232,249
232,250
232,251
232,252
232,253
232,254
232,255
232,256
232,257
232,258
232,259
232,260
232,261
232,262
232,263
232,264
232,265
232,266
232,267
233,237
233,234
233,245
234,249
234,248
234,236
234,245
235,248
235,236
235,237
235,238
236,253
236,245
236,237
236,238
236,243
236,244
237,256
237,238
237,243
237,244
237,245
238,243
238,244
238,245
239,255
239,260
239,240
239,241
240,255
240,261
240,260
240,241
240,241
241,256
238,243
238,244
238,245
243,250
244,245
244,264
232,236
232,233
232,234
232,245
232,237
232,248
232,249
232,250
232,251
232,252
232,253
232,254
232,255
232,256
232,257
232,258
232,259
232,260
232,261
232,262
232,263
232,264
232,265
232,266
232,267
248,259
248,249
248,250
248,251
248,252
248,253
248,254
248,255
248,256
248,257
248,258
249,264
249,257
249,259
249,250
250,262
250,263
250,257
250,260
250,251
250,252
251,262
251,257
251,260
251,264
252,262
252,260
253,265
253,254
253,255
253,256
253,257
254,255
254,256
256,265
256,266
256,258
257,258
257,259
257,260
257,261
257,262
257,263
257,264
257,265
257,266
257,267
258,265
260,776
260,261
260,262
260,263
260,264
260,265
261,262
261,263
262,267
262,263
262,264
265,266
265,267
268,282
268,284
268,269
268,270
268,271
269,282
269,283
269,284
269,271
269,270
269,273
269,274
270,282
270,286
270,276
270,283
270,271
271,282
271,276
271,277
271,280
271,273
269,282
269,283
269,284
269,271
269,270
269,273
269,274
273,282
273,284
273,274
273,276
273,277
273,278
274,291
274,292
274,289
274,290
274,961
274,939
274,276
274,277
274,278
274,279
274,280
274,281
274,282
274,283
274,284
274,291
274,292
274,289
274,290
274,961
274,939
274,276
274,277
274,278
274,279
274,280
274,281
274,282
274,283
274,284
276,292
276,945
276,939
276,277
276,278
276,279
276,280
276,281
276,282
276,283
276,284
276,286
276,287
276,288
276,289
276,290
276,291
277,961
277,964
277,942
277,458
277,965
277,954
277,278
277,279
277,280
277,281
277,282
277,283
277,284
277,286
277,287
277,288
277,289
277,290
278,284
278,283
278,280
278,287
279,290
279,280
280,292
280,287
280,290
280,289
280,945
280,961
280,937
280,281
280,282
280,283
280,284
280,286
281,288
283,291
283,292
283,290
283,945
283,942
283,284
283,286
283,287
283,288
283,289
280,292
280,287
280,290
280,289
280,945
280,961
280,937
280,281
280,282
280,283
280,284
280,286
287,942
287,954
287,964
287,965
287,288
287,289
287,290
287,291
287,292
289,291
290,942
290,939
290,291
290,292
290,292
290,292
290,292
290,292
290,292
290,292
290,292
290,292
293,991
293,998
293,294
293,295
293,296
293,297
293,298
293,299
293,300
293,301
293,302
293,303
293,304
293,305
293,306
293,307
293,308
293,309
293,310
293,311
293,312
294,619
294,621
294,622
294,624
294,626
294,304
294,295
294,296
294,297
295,306
295,311
295,305
295,998
295,310
295,296
295,297
295,298
295,299
295,300
296,619
296,297
297,303
297,298
297,306
297,305
298,308
298,306
298,299
298,300
298,301
298,302
298,303
299,308
299,998
299,305
299,885
299,300
300,311
300,310
300,305
301,620
301,624
301,994
301,775
301,774
301,634
301,302
301,304
301,305
302,619
302,620
302,621
302,623
303,308
303,623
303,304
304,619
304,305
304,306
304,307
304,308
304,309
304,310
304,311
304,312
304,309
304,307
304,309
304,309
304,309
304,309
304,309
304,309
304,309
304,309
305,991
305,994
305,997
305,562
305,306
305,307
305,308
305,309
305,310
305,311
306,991
306,775
306,571
306,994
306,549
306,307
306,308
306,309
306,310
306,311
307,991
307,990
307,998
307,999
307,308
307,309
307,310
307,311
307,312
309,619
309,622
309,310
309,311
309,312
311,991
312,619
312,620
312,621
312,622
312,625
313,324
313,325
313,314
313,315
313,316
313,317
313,318
313,319
314,325
314,315
314,316
314,317
314,318
314,319
314,321
314,322
315,321
315,323
315,316
316,324
316,737
316,735
316,317
316,318
316,319
316,321
316,322
316,323
316,321
316,325
316,321
317,323
317,325
317,321
317,318
318,324
318,319
314,325
314,315
314,316
314,317
314,318
314,319
314,321
314,322
321,324
321,735
321,325
321,322
321,323
322,737
322,323
322,325
322,325
323,324
323,325
325,737
326,333
326,331
326,334
326,441
326,327
326,328
326,329
326,330
327,330
327,328
327,329
328,442
328,329
328,330
329,442
329,440
329,330
329,331
329,333
330,333
330,331
331,332
331,333
331,334
332,441
332,440
332,442
332,333
332,334
334,437
334,441
335,338
335,342
335,357
335,336
335,337
336,356
336,345
336,358
336,357
336,355
336,825
336,823
336,978
336,967
336,975
336,970
336,833
336,337
336,338
336,339
336,340
336,341
336,342
336,343
336,344
336,347
336,348
336,349
336,350
336,351
336,352
336,353
337,346
337,341
337,348
337,351
337,358
337,353
337,357
337,338
337,339
337,340
338,825
338,983
338,978
338,967
338,970
338,975
338,831
338,835
338,834
338,339
338,340
338,341
338,342
338,343
338,344
338,345
338,346
338,347
338,348
338,349
338,350
338,351
338,352
338,353
338,354
338,355
338,356
338,357
338,358
339,346
339,353
339,340
339,341
339,342
339,343
339,344
340,348
340,354
340,356
340,344
340,353
341,351
341,349
341,353
341,352
341,342
341,343
341,344
341,345
341,346
342,351
342,349
342,357
342,352
342,343
342,344
342,345
342,346
343,351
343,353
343,352
343,981
343,975
343,835
343,344
343,345
344,346
344,825
344,831
344,970
344,833
344,830
344,345
344,347
344,348
344,349
344,350
344,351
344,352
344,353
344,354
344,355
344,356
345,353
345,358
345,346
345,348
345,349
346,347
346,354
346,353
346,352
346,348
346,349
346,350
346,351
347,350
348,354
348,356
348,349
348,350
351,352
351,353
353,354
353,355
353,356
353,357
353,358
355,983
355,970
355,356
355,357
357,358
357,358
359,372
359,360
359,361
359,362
359,363
360,362
360,364
360,366
360,379
360,372
360,361
362,367
362,370
362,373
362,363
362,364
362,366
362,376
362,377
362,378
362,379
362,380
362,381
362,382
362,383
362,374
362,368
362,372
363,372
363,373
363,368
363,378
363,364
363,366
364,372
363,372
363,373
363,368
363,378
363,364
363,366
367,368
367,369
367,370
368,381
368,378
368,369
368,370
368,372
368,373
368,374
368,374
368,372
368,372
368,372
369,370
369,372
369,373
370,378
370,382
370,521
370,425
370,372
370,373
370,374
370,378
370,382
370,521
370,425
370,372
370,373
370,374
372,381
372,839
372,373
372,374
372,378
372,378
372,378
374,381
362,367
362,370
362,373
362,363
362,364
362,366
362,376
362,377
362,378
362,379
362,380
362,381
362,382
362,383
362,374
362,368
362,372
376,377
376,378
376,379
376,380
376,381
377,378
377,379
377,381
377,382
378,839
378,836
378,837
378,379
378,381
378,382
378,383
379,380
381,382
382,521
384,401
384,406
384,395
384,385
384,386
384,387
384,388
385,401
385,406
385,400
385,407
385,409
385,386
385,387
385,388
385,390
385,391
385,392
385,393
386,401
386,393
386,391
386,400
386,402
386,404
387,400
387,406
387,394
387,388
388,406
388,395
388,396
388,398
388,407
385,401
385,406
385,400
385,407
385,409
385,386
385,387
385,388
385,390
385,391
385,392
385,393
390,396
390,408
390,473
390,391
390,392
390,393
391,408
391,473
391,392
391,393
391,394
391,400
391,401
391,402
391,404
392,397
392,408
392,473
392,587
392,666
392,661
392,671
392,393
392,394
392,400
392,401
393,397
393,394
393,400
393,401
393,402
394,400
394,405
394,406
394,395
394,396
394,397
394,398
395,407
395,396
395,397
395,398
396,407
396,397
396,398
397,400
397,404
397,406
397,408
398,400
393,397
393,394
393,400
393,401
393,402
400,401
400,402
400,404
400,405
400,406
400,407
400,408
400,409
401,402
401,404
401,405
402,405
400,401
400,402
400,404
400,405
400,406
400,407
400,408
400,409
405,406
406,407
406,408
406,409
408,473
408,409
410,897
410,902
410,411
410,412
410,413
410,414
410,415
410,416
410,417
410,418
410,419
410,420
410,421
410,422
410,423
410,424
410,425
410,426
410,427
410,428
410,429
410,430
410,431
410,432
410,433
410,434
410,435
410,436
411,892
411,900
411,906
412,897
412,894
412,891
412,895
412,900
412,914
412,413
412,414
412,415
412,416
412,417
412,418
412,419
413,913
413,894
413,414
413,415
413,416
414,897
414,894
414,430
414,418
414,627
414,415
414,416
415,431
415,426
415,416
415,417
415,418
415,419
415,420
415,422
416,894
416,909
416,913
416,431
416,911
416,421
416,417
416,418
417,431
417,429
418,894
418,895
418,892
418,909
418,911
418,912
418,432
418,630
418,627
418,430
418,419
418,420
418,421
418,422
418,423
418,424
418,425
419,897
419,894
420,901
420,892
420,908
420,909
420,422
420,423
420,424
420,425
420,426
420,427
421,895
421,892
421,425
421,629
421,911
421,422
421,423
421,424
421,426
422,901
422,911
422,905
422,432
423,895
423,891
423,905
423,425
423,426
423,427
423,428
423,430
423,431
423,432
424,897
424,892
424,894
424,909
424,430
425,627
425,906
425,426
426,431
426,429
426,430
426,433
427,901
427,905
428,912
428,909
429,891
429,430
429,431
429,432
430,891
430,894
430,906
430,629
430,431
430,432
430,433
431,432
431,436
431,909
431,433
432,902
432,896
432,909
432,905
432,911
432,908
432,434
432,435
432,436
432,433
432,433
432,433
433,896
433,909
433,908
433,913
433,894
433,434
433,435
433,436
434,897
434,435
435,897
435,896
435,891
436,902
436,901
436,903
436,907
437,637
437,878
437,885
437,438
437,439
437,440
437,441
437,442
437,443
437,444
437,445
437,446
438,440
438,443
438,442
438,439
439,443
439,446
439,445
439,440
439,441
439,442
440,443
440,445
440,441
440,442
441,994
441,637
441,442
441,444
442,443
443,444
443,445
443,446
443,446
444,445
447,924
447,487
447,500
447,499
447,503
447,448
447,449
447,450
447,451
447,452
447,453
447,454
447,455
447,456
447,457
448,924
448,925
448,926
448,487
448,508
448,503
448,818
448,820
448,702
448,706
448,703
448,777
448,778
448,449
448,450
448,451
448,452
448,453
448,454
448,455
448,456
448,457
449,452
449,454
450,457
450,452
450,453
450,451
451,924
451,499
451,503
451,818
451,452
451,453
451,454
451,455
452,487
452,453
452,454
452,455
453,924
453,454
453,455
455,926
455,499
455,508
456,925
456,926
458,960
458,942
458,459
458,460
458,461
458,462
459,949
459,938
459,951
459,954
459,460
459,461
459,462
459,461
459,460
460,960
460,951
460,959
460,963
460,966
460,956
460,937
460,461
460,462
460,461
461,960
461,951
461,954
461,958
461,462
462,950
462,951
462,937
463,464
464,832
464,835
464,967
464,970
464,975
465,652
465,466
465,467
465,468
465,469
466,652
466,657
466,643
466,644
466,678
466,677
466,676
466,467
466,468
466,469
466,467
466,467
467,644
467,643
467,657
467,678
467,677
467,719
467,468
467,469
467,468
468,644
468,652
468,643
468,469
469,644
469,657
469,643
470,985
470,984
470,986
470,989
470,987
470,988
470,471
470,472
470,473
470,474
470,475
470,476
470,477
470,478
471,985
471,472
471,473
472,474
473,985
473,988
473,984
473,474
473,475
473,476
473,477
473,478
473,476
473,475
473,475
473,475
473,475
473,476
474,989
474,984
474,985
474,475
475,985
475,984
475,989
475,986
475,477
475,478
476,985
476,984
476,989
476,477
476,478
477,985
477,984
478,988
479,491
479,489
479,490
479,493
479,480
479,481
479,482
479,483
480,491
480,495
480,494
480,493
480,606
480,481
480,482
480,483
480,492
480,497
480,481
480,489
480,481
481,491
481,488
481,494
481,490
481,482
481,483
481,492
481,496
481,497
481,489
481,483
481,483
482,494
482,492
482,495
482,488
483,491
483,494
483,492
483,496
483,497
484,485
484,486
484,487
485,486
485,487
485,499
485,500
485,501
485,502
485,503
485,504
485,505
485,506
485,507
485,508
486,487
486,499
486,500
486,501
486,502
486,503
486,504
487,499
487,500
487,501
487,503
487,504
487,505
488,492
488,495
488,489
488,490
488,491
489,495
489,493
489,606
489,490
489,491
489,492
489,497
490,492
490,494
490,496
490,491
491,492
491,496
491,497
492,493
492,494
492,495
492,496
492,497
493,494
493,495
493,496
494,495
495,496
495,497
485,486
485,487
485,499
485,500
485,501
485,502
485,503
485,504
485,505
485,506
485,507
485,508
499,500
499,501
499,502
499,503
500,506
500,507
500,504
500,501
500,502
500,503
501,507
501,502
501,503
501,504
501,505
503,820
503,504
503,505
503,506
503,507
503,508
503,505
503,504
504,505
504,506
504,507
504,508
505,506
505,508
505,507
506,508
506,507
507,508
508,777
509,517
509,534
509,521
509,532
509,525
509,510
509,511
510,541
510,532
510,513
510,838
510,836
510,839
510,840
510,521
510,536
510,536
510,536
510,536
510,536
510,536
510,536
510,536
510,536
511,517
511,518
511,525
511,513
511,514
511,517
511,518
511,525
511,513
511,514
513,517
513,533
513,536
513,532
513,529
513,514
513,521
513,540
513,541
513,541
513,541
514,517
515,523
515,527
515,521
515,537
515,516
515,517
515,518
515,519
516,523
516,521
516,536
516,537
516,517
517,518
517,519
517,523
517,525
518,521
518,527
518,525
518,536
518,537
518,538
518,540
518,541
518,519
518,523
519,539
520,538
520,532
520,534
520,536
520,537
520,540
520,521
521,838
521,836
521,842
521,837
521,527
521,528
521,529
521,530
521,531
521,532
521,533
521,525
521,534
521,535
521,536
521,537
521,538
521,539
521,540
521,541
518,521
518,527
518,525
518,536
518,537
518,538
518,540
518,541
518,519
518,523
517,518
517,519
517,523
517,525
525,527
525,534
525,535
525,536
525,538
521,838
521,836
521,842
521,837
521,527
521,528
521,529
521,530
521,531
521,532
521,533
521,525
521,534
521,535
521,536
521,537
521,538
521,539
521,540
521,541
527,534
527,842
527,839
527,837
527,528
527,529
527,530
527,531
527,532
528,538
528,541
528,529
528,530
528,531
528,532
528,533
528,534
529,532
529,538
529,541
529,536
529,530
530,538
531,534
531,836
531,837
531,840
532,838
532,906
532,662
532,768
532,533
532,534
532,535
532,536
532,537
532,538
532,539
532,540
532,541
532,536
532,538
532,541
532,541
532,536
532,536
533,540
533,537
533,534
533,535
533,536
535,540
535,838
535,837
535,836
536,836
536,906
536,768
536,965
536,661
536,832
536,878
536,549
536,967
536,537
536,540
536,541
537,538
537,539
537,540
538,539
538,540
538,541
542,563
542,564
542,571
542,562
542,567
542,543
542,544
542,545
542,546
542,547
543,566
543,558
543,564
543,571
543,567
543,544
543,545
543,546
543,547
543,549
544,572
544,566
544,545
544,546
544,547
544,549
544,558
545,572
545,568
545,549
545,562
545,570
545,567
545,558
545,546
546,572
546,562
546,568
546,571
546,567
546,547
546,549
547,563
547,558
547,564
546,572
546,562
546,568
546,571
546,567
546,547
546,549
549,878
549,768
549,965
549,967
549,558
549,562
549,563
549,564
549,565
549,566
549,567
549,568
549,569
549,570
549,571
549,572
550,868
550,857
550,560
550,798
550,800
550,812
550,551
550,552
550,553
550,554
550,555
550,556
551,560
551,800
551,552
551,553
551,554
551,555
551,556
552,798
552,806
552,553
552,554
553,857
553,848
554,868
554,848
554,798
554,805
554,806
554,555
554,556
554,560
555,848
555,800
555,806
555,810
555,556
555,560
556,868
556,848
544,572
544,566
544,545
544,546
544,547
544,549
544,558
558,562
558,563
558,564
558,565
554,868
554,848
554,798
554,805
554,806
554,555
554,556
554,560
560,848
560,798
560,805
549,878
549,768
549,965
549,967
549,558
549,562
549,563
549,564
549,565
549,566
549,567
549,568
549,569
549,570
549,571
549,572
562,571
562,994
562,563
562,564
562,565
562,566
562,567
562,568
562,569
562,570
562,572
563,568
563,569
563,571
563,567
563,564
563,565
564,567
564,569
564,571
564,565
564,566
565,568
565,567
565,569
567,568
567,569
567,570
567,571
567,572
567,568
567,571
567,571
567,568
567,571
567,571
567,568
567,568
567,568
567,572
567,571
567,572
567,568
568,569
568,570
568,572
569,571
570,571
571,572
573,581
573,579
573,574
573,575
573,576
573,577
574,595
574,594
574,577
574,575
575,579
575,582
575,576
575,577
576,591
576,594
576,585
576,577
576,578
576,580
576,581
576,582
577,591
577,585
577,593
577,579
577,582
577,578
577,580
578,592
578,591
578,594
578,595
578,755
578,768
578,579
578,580
578,581
578,582
578,583
578,584
578,585
578,586
578,587
578,588
578,589
578,590
579,592
579,587
579,580
579,581
579,582
580,592
580,587
580,589
580,581
581,592
581,595
581,591
581,582
581,583
581,584
581,585
581,586
581,587
581,588
581,589
582,592
582,594
582,585
582,587
582,590
583,592
583,594
583,768
583,763
583,588
583,590
583,584
583,585
583,586
583,587
584,591
584,755
584,691
584,753
584,661
584,662
584,666
584,585
584,586
584,587
584,588
584,589
584,590
585,761
585,768
585,769
585,763
585,767
585,691
585,740
585,660
585,586
585,587
585,588
585,589
585,590
585,591
585,592
585,593
585,594
585,595
585,594
585,594
585,594
585,594
586,769
586,764
586,755
586,761
587,592
587,767
587,753
587,661
587,917
587,589
587,590
588,591
588,590
588,594
590,768
590,594
591,592
591,593
591,594
591,595
592,593
592,594
592,595
593,594
594,761
594,763
594,595
596,602
596,603
596,612
596,615
596,618
596,597
596,598
596,599
596,600
597,612
597,602
597,605
597,606
597,598
598,618
598,613
598,617
598,609
598,605
598,608
598,606
598,599
598,600
598,602
599,604
599,600
599,602
599,603
599,611
599,612
599,613
599,614
599,615
599,616
599,617
599,618
600,609
600,607
598,618
598,613
598,617
598,609
598,605
598,608
598,606
598,599
598,600
598,602
602,618
602,605
602,607
602,603
602,611
602,612
602,613
602,614
602,615
602,616
602,617
602,616
602,611
602,613
602,613
603,616
603,604
603,605
603,606
603,607
603,608
603,609
604,617
604,618
604,605
604,606
605,606
605,607
605,608
605,609
606,616
606,613
606,607
606,608
607,611
607,612
607,613
607,614
607,608
607,609
607,609
607,609
607,609
608,611
609,611
609,617
609,614
599,604
599,600
599,602
599,603
599,611
599,612
599,613
599,614
599,615
599,616
599,617
599,618
611,612
611,613
611,614
611,615
611,616
611,617
611,618
613,614
613,615
613,616
613,617
613,618
613,618
613,618
614,617
614,616
614,618
614,615
616,617
616,618
617,618
619,994
619,990
619,996
619,998
619,620
619,621
619,622
619,623
619,624
619,625
619,626
620,634
620,775
620,621
620,622
620,623
620,624
620,625
621,622
621,623
622,994
622,623
622,624
624,626
627,628
627,629
627,630
627,631
627,632
627,633
628,633
628,632
628,629
628,630
628,631
629,906
629,630
630,632
630,633
631,632
632,633
632,633
634,635
634,636
634,637
634,638
634,639
635,636
636,637
637,638
637,639
637,639
638,639
640,650
640,654
640,641
640,642
641,650
641,643
641,644
641,647
642,654
642,644
642,653
642,648
642,657
642,652
642,643
642,645
642,646
643,659
643,657
643,678
643,677
643,644
643,645
643,646
643,647
643,648
643,649
643,650
643,651
643,652
643,653
643,654
644,659
644,678
644,677
644,645
644,646
644,647
644,648
644,649
644,650
644,651
644,652
644,653
644,654
644,656
644,657
645,653
645,652
646,654
646,657
646,648
647,656
647,648
647,649
647,650
647,651
648,649
648,650
648,651
648,653
648,654
648,656
648,657
648,659
648,657
649,659
649,656
649,657
650,659
650,657
651,657
651,659
651,656
651,652
653,659
653,657
653,654
654,656
644,659
644,678
644,677
644,645
644,646
644,647
644,648
644,649
644,650
644,651
644,652
644,653
644,654
644,656
644,657
656,657
656,659
657,678
657,659
657,659
657,659
657,659
657,659
656,657
656,659
660,691
660,916
660,917
660,965
660,661
660,662
660,663
660,664
660,665
660,666
660,667
660,668
661,965
661,662
661,663
661,664
661,665
661,666
661,667
661,668
662,691
662,917
662,671
662,906
662,663
662,664
662,665
662,666
663,666
663,664
664,666
664,667
664,671
665,668
665,670
665,666
666,684
666,691
666,667
666,668
666,670
666,671
667,670
668,670
668,671
666,684
666,691
666,667
666,668
666,670
666,671
670,671
671,917
672,676
672,678
672,673
673,729
673,675
673,676
673,677
673,678
673,679
673,680
673,681
673,682
673,729
673,675
673,676
673,677
673,678
673,679
673,680
673,681
673,682
675,682
675,728
675,729
675,676
675,677
675,678
675,679
675,680
676,728
676,729
676,677
676,678
676,679
676,680
676,681
676,682
676,679
676,679
677,682
677,681
677,680
677,678
677,679
678,729
678,679
678,680
678,681
678,682
679,680
679,681
679,682
680,681
680,729
680,806
680,802
680,803
681,682
683,694
683,693
683,684
683,685
684,701
684,920
684,915
684,917
684,918
684,922
684,761
684,740
684,685
684,687
684,688
684,689
684,691
684,692
684,693
684,694
684,695
684,696
684,697
684,698
684,699
685,694
685,687
685,688
685,689
685,694
685,687
685,688
685,689
687,695
687,699
687,691
687,701
687,688
688,918
688,915
689,701
689,699
689,691
684,701
684,920
684,915
684,917
684,918
684,922
684,761
684,740
684,685
684,687
684,688
684,689
684,691
684,692
684,693
684,694
684,695
684,696
684,697
684,698
684,699
691,915
691,916
691,743
691,740
691,693
691,694
691,696
691,697
691,698
691,699
691,701
691,701
691,699
691,701
691,699
691,701
691,701
692,918
692,697
692,696
692,693
693,920
693,918
693,917
693,919
693,922
693,694
693,695
693,696
693,697
693,698
693,699
696,701
696,918
696,917
696,922
696,916
696,915
696,761
696,697
696,698
696,699
697,920
697,761
698,918
698,915
698,740
698,699
698,701
699,701
698,918
698,915
698,740
698,699
698,701
702,785
702,778
702,818
702,789
702,776
702,703
702,704
702,705
702,706
702,707
702,708
702,709
702,710
702,711
702,712
703,711
703,778
703,776
703,704
703,705
703,706
703,707
703,708
704,708
704,709
705,712
705,710
705,706
705,711
706,711
706,712
706,778
706,707
706,708
706,709
706,710
707,711
707,710
707,712
708,710
708,712
708,709
709,712
710,789
710,776
710,777
710,711
710,712
710,712
710,711
711,712
711,712
713,721
713,731
713,732
713,930
713,714
713,715
713,716
713,717
713,718
713,719
714,716
714,720
714,930
714,715
714,717
714,718
714,719
714,725
714,726
715,718
715,717
715,732
715,722
715,716
716,731
716,718
716,726
717,718
717,719
718,927
718,719
718,725
718,726
718,731
718,732
718,722
718,721
719,721
719,723
719,720
719,927
719,965
719,878
719,725
719,726
719,732
719,725
719,725
719,725
719,731
719,722
719,722
719,722
719,722
719,731
719,722
720,721
720,722
720,723
721,725
721,722
721,723
722,723
723,732
714,716
714,720
714,930
714,715
714,717
714,718
714,719
714,725
714,726
725,927
725,878
725,726
725,731
727,728
727,729
728,729
718,927
718,719
718,725
718,726
718,731
718,732
718,722
718,721
731,732
733,746
733,745
733,734
733,735
733,736
733,737
733,738
734,746
734,735
734,736
734,737
734,738
735,844
735,736
735,737
735,738
735,745
736,737
736,745
736,747
737,844
737,846
737,738
737,745
737,746
737,747
737,748
739,753
739,740
739,741
739,742
739,743
740,752
740,743
740,741
740,742
741,754
741,750
741,753
741,742
742,752
742,753
742,743
742,750
743,753
743,750
737,844
737,846
737,738
737,745
737,746
737,747
737,748
745,746
745,747
745,748
746,747
747,844
742,752
742,753
742,743
742,750
750,752
750,753
750,754
750,752
750,753
750,754
752,753
752,754
752,753
752,753
752,753
752,753
752,753
753,922
753,917
753,754
755,769
755,770
755,773
755,768
755,772
755,756
755,757
755,758
755,759
755,760
755,761
755,762
755,763
755,764
755,765
756,768
757,770
757,769
757,773
757,758
757,759
757,760
758,769
758,771
758,764
758,773
758,762
758,759
759,770
759,773
759,762
759,760
759,761
760,773
760,761
760,762
761,764
761,762
761,763
761,765
761,767
761,768
761,769
761,770
761,771
761,772
761,773
763,773
763,772
763,764
763,765
764,772
764,765
764,769
765,769
765,768
761,764
761,762
761,763
761,765
761,767
761,768
761,769
761,770
761,771
761,772
761,773
767,768
767,769
767,770
768,965
768,769
768,770
768,771
768,772
768,773
768,773
768,773
768,773
768,773
768,769
769,770
769,771
769,772
769,773
770,771
772,773
774,775
775,994
776,785
776,788
776,794
776,777
776,778
776,779
776,780
776,781
776,782
777,785
777,795
777,778
777,779
777,780
777,781
778,795
778,787
778,788
778,789
778,779
778,780
778,781
778,782
778,784
778,785
778,786
779,785
780,787
780,784
780,789
781,786
781,785
781,793
781,794
781,795
781,790
781,782
782,791
782,786
782,784
782,785
778,795
778,787
778,788
778,789
778,779
778,780
778,781
778,782
778,784
778,785
778,786
784,791
784,785
784,787
784,788
785,786
785,787
785,788
785,789
785,790
785,791
785,793
785,794
785,795
787,788
787,789
787,790
787,791
788,791
789,790
791,793
785,786
785,787
785,788
785,789
785,790
785,791
785,793
785,794
785,795
793,794
793,795
793,795
793,795
793,795
793,795
794,795
796,812
796,815
796,805
796,806
796,848
796,797
796,798
796,799
796,800
796,801
796,802
796,803
797,802
797,803
797,805
797,798
798,817
798,813
798,816
798,814
798,812
798,810
798,848
798,799
798,800
798,801
798,802
798,803
798,805
798,806
798,807
799,814
799,815
800,812
800,810
800,815
800,801
800,802
800,803
800,805
800,806
800,807
801,814
801,815
802,816
802,813
802,817
802,809
802,848
802,803
802,805
802,806
802,807
803,816
803,813
803,848
803,805
803,806
803,807
803,809
803,810
802,816
802,813
802,817
802,809
802,848
802,803
802,805
802,806
802,807
805,816
805,817
805,813
805,806
805,807
805,809
805,810
805,812
806,816
806,813
806,807
806,809
806,810
807,816
807,813
807,814
807,817
807,810
803,816
803,813
803,848
803,805
803,806
803,807
803,809
803,810
809,816
809,813
810,817
810,812
810,813
810,812
810,812
810,812
810,812
810,812
810,812
810,812
810,812
805,816
805,817
805,813
805,806
805,807
805,809
805,810
805,812
812,817
812,813
813,814
813,815
813,816
813,817
814,815
816,817
816,817
816,817
818,819
818,820
821,829
821,822
821,823
821,824
821,825
821,826
821,827
822,979
822,977
822,975
822,823
823,979
823,980
823,824
823,825
823,826
823,827
824,968
824,967
824,978
824,825
824,826
824,827
824,829
825,979
825,980
825,981
825,970
825,983
825,826
825,829
825,829
826,829
826,968
826,974
826,983
827,979
827,968
827,970
827,967
827,829
824,968
824,967
824,978
824,825
824,826
824,827
824,829
830,975
830,967
830,831
830,832
830,833
830,834
830,835
831,834
831,975
831,832
831,833
831,835
831,835
832,967
832,965
832,833
832,834
832,835
833,834
834,835
835,975
836,906
836,837
836,838
836,839
836,840
836,841
836,842
836,843
837,842
837,843
837,838
837,839
837,840
838,841
838,843
838,839
838,840
838,842
839,843
839,840
839,841
839,842
840,841
840,842
840,843
840,843
841,842
842,843
844,845
844,846
845,846
845,846
847,853
847,856
847,848
848,850
848,851
848,852
848,853
848,854
848,855
848,856
848,857
848,858
848,859
848,860
848,861
848,862
848,863
848,864
848,865
848,866
848,867
848,868
848,869
848,870
848,850
848,851
848,852
848,853
848,854
848,855
848,856
848,857
848,858
848,859
848,860
848,861
848,862
848,863
848,864
848,865
848,866
848,867
848,868
848,869
848,870
850,870
851,858
851,861
851,852
851,853
851,854
851,855
852,869
852,860
853,858
853,860
853,862
853,857
853,867
853,854
853,855
853,856
854,861
854,855
854,856
855,861
855,860
856,860
856,859
856,866
856,867
856,869
856,857
857,867
857,868
857,869
857,858
857,859
857,860
857,861
857,862
857,863
857,864
858,864
858,859
858,867
858,866
858,860
858,861
858,862
859,865
859,866
859,870
859,860
859,861
859,863
859,864
860,863
860,865
860,861
860,862
860,864
860,866
860,867
860,868
860,869
861,864
862,863
863,866
863,867
863,868
863,869
863,868
863,868
863,868
863,868
865,868
865,866
866,868
866,867
867,868
868,869
868,870
871,880
871,889
871,885
871,872
871,873
871,874
871,875
872,889
872,882
872,890
872,888
872,873
872,874
873,890
873,883
873,889
873,884
873,882
873,874
873,875
873,877
873,878
873,880
874,885
874,884
874,882
874,880
875,880
875,887
875,889
875,877
875,878
875,880
875,887
875,889
875,877
875,878
877,890
877,884
877,887
878,917
878,965
878,880
878,882
878,883
878,884
878,885
878,886
878,887
878,888
878,889
878,890
878,889
878,883
878,883
878,883
878,883
873,890
873,883
873,889
873,884
873,882
873,874
873,875
873,877
873,878
873,880
880,991
880,882
880,883
880,884
880,885
880,886
880,887
880,888
880,889
880,890
880,991
880,882
880,883
880,884
880,885
880,886
880,887
880,888
880,889
880,890
882,888
882,883
882,884
883,884
883,885
883,887
883,888
883,889
883,890
884,889
884,887
884,885
884,886
885,886
885,887
886,887
888,889
889,890
891,907
891,892
891,893
891,894
891,895
891,896
891,897
892,893
892,894
892,895
892,896
892,897
892,899
892,900
892,905
892,906
892,901
892,902
892,907
893,907
893,901
893,913
893,894
893,895
893,896
893,897
894,909
894,911
894,895
894,896
894,897
894,899
894,900
894,905
894,906
894,907
895,907
896,907
896,902
896,899
896,912
896,897
897,907
897,902
897,903
897,899
897,907
897,902
897,903
897,899
899,902
899,907
899,908
899,913
899,900
899,905
900,914
900,913
900,901
900,902
900,903
901,913
901,908
901,910
901,902
901,903
901,907
902,903
902,907
903,913
892,893
892,894
892,895
892,896
892,897
892,899
892,900
892,905
892,906
892,901
892,902
892,907
905,906
905,907
905,908
905,909
905,911
905,913
906,907
906,908
906,909
906,910
908,909
908,910
908,911
908,912
908,913
908,914
909,910
909,911
909,912
909,914
909,910
909,910
910,911
910,912
910,913
910,914
912,913
913,914
915,922
915,916
915,917
915,918
915,919
915,920
916,965
916,917
916,918
916,919
916,920
916,922
916,923
917,965
917,918
917,919
917,920
917,922
917,923
917,922
917,918
918,919
918,920
918,922
918,923
919,922
919,923
916,965
916,917
916,918
916,919
916,920
916,922
916,923
922,923
924,925
924,926
925,926
925,926
925,926
927,928
927,929
927,930
927,931
927,932
927,933
927,934
928,929
928,930
928,931
928,932
928,933
928,934
928,932
929,933
929,930
929,931
930,933
930,934
931,934
931,932
932,933
932,934
935,936
937,963
937,960
937,961
937,951
937,965
937,938
937,939
937,940
937,941
937,942
937,943
937,944
937,945
937,946
938,965
938,957
938,939
938,940
938,941
938,942
938,943
938,944
938,945
938,948
938,949
938,950
938,951
939,962
939,960
939,961
939,950
939,954
939,940
939,941
939,942
939,943
939,944
939,945
939,946
939,948
940,950
940,954
941,965
941,962
941,944
941,942
941,943
941,945
941,946
941,948
941,949
942,960
942,951
942,954
942,943
942,944
942,945
943,957
943,962
943,959
944,954
944,958
944,960
944,946
945,960
945,951
946,964
946,951
946,965
946,960
938,965
938,957
938,939
938,940
938,941
938,942
938,943
938,944
938,945
938,948
938,949
938,950
938,951
948,965
948,959
948,961
948,949
948,950
948,951
949,950
949,951
949,953
949,954
949,955
950,966
950,961
950,964
950,951
950,953
950,954
950,955
950,956
951,953
951,954
951,955
951,956
951,957
951,958
951,959
951,960
951,961
951,962
951,963
951,964
951,965
951,966
951,953
951,954
951,955
951,956
951,957
951,958
951,959
951,960
951,961
951,962
951,963
951,964
951,965
951,966
953,963
953,959
953,960
954,964
954,965
954,955
954,956
954,957
954,958
954,959
954,961
954,962
954,963
955,966
955,956
956,966
956,957
956,958
957,966
958,959
959,960
959,961
959,962
959,963
959,964
959,965
959,966
959,966
959,966
959,964
959,961
959,966
959,965
959,960
959,965
959,965
960,961
960,962
960,963
960,964
960,965
960,966
961,962
961,963
961,964
961,965
961,966
964,965
964,966
965,966
967,968
967,969
967,970
967,971
967,972
967,973
967,974
967,975
967,976
967,977
967,978
967,979
967,980
967,981
967,982
967,983
968,973
968,982
968,969
968,970
968,971
968,972
969,983
969,972
969,982
969,980
969,970
969,971
970,980
970,971
970,972
970,973
970,974
971,980
972,973
972,974
972,975
972,976
972,977
972,978
972,980
972,981
972,982
972,983
972,982
972,982
972,982
972,983
972,983
973,980
973,982
974,980
975,982
975,976
975,977
975,978
975,979
975,980
975,981
976,983
976,982
978,979
980,981
980,982
980,983
981,982
982,983
982,983
982,983
982,983
984,985
984,986
984,987
984,988
984,989
985,986
985,987
985,988
985,989
985,989
985,987
985,987
985,987
985,987
985,989
986,989
986,987
987,988
987,989
990,991
990,992
990,993
990,994
991,992
991,993
991,994
991,996
991,997
991,998
991,999
991,1000
992,994
992,997
992,1000
992,993
993,994
993,998
993,999
993,1000
994,996
994,997
994,998
994,999
994,1000
994,999
994,996
994,997
994,998
994,999
994,1000
994,999
996,997
998,1000
999,1000
