1,29
1,46
1,42
1,30
1,2
1,3
1,4
1,5
1,6
1,7
1,8
1,9
1,10
1,11
1,12
1,13
1,14
1,15
1,16
1,17
1,18
1,19
1,20
2,29
2,26
2,31
2,37
2,48
2,3
2,4
2,5
3,28
3,38
3,22
3,24
3,44
3,31
3,4
3,5
3,6
3,7
3,8
3,9
3,10
3,11
3,13
3,14
3,15
3,16
3,17
3,18
3,19
3,20
3,37
3,39
3,40
3,41
3,42
3,43
3,45
3,46
3,47
3,48
3,49
3,50
3,30
4,29
4,22
4,10
4,9
5,22
5,12
5,31
5,48
5,26
5,39
5,662
5,651
5,19
5,42
5,6
5,7
5,8
5,9
5,10
6,26
6,19
6,48
6,651
6,659
6,322
7,22
8,44
8,21
8,26
9,44
9,31
9,30
9,10
10,47
10,19
10,37
10,11
10,12
10,13
10,14
11,29
11,21
11,26
11,44
11,12
11,13
11,14
11,15
11,16
11,17
11,18
11,19
11,20
11,37
12,29
12,13
13,47
13,37
13,38
13,41
13,29
13,14
14,29
14,22
15,44
15,48
15,42
15,16
15,17
15,18
16,29
16,26
16,23
16,27
16,30
16,17
16,18
16,19
17,26
18,46
18,31
18,39
18,30
19,24
19,44
19,46
19,42
19,48
19,662
19,20
19,37
19,40
20,31
20,39
21,42
21,48
21,40
21,22
21,23
21,24
21,25
21,26
21,27
21,28
21,29
21,30
21,31
22,42
22,37
22,40
22,45
22,48
22,23
22,24
23,42
23,38
23,46
23,50
23,48
23,24
23,25
23,26
24,40
25,48
25,37
25,42
26,27
26,28
26,29
26,30
26,31
26,37
26,47
26,48
26,49
28,45
28,37
29,30
29,31
29,37
29,47
29,48
30,48
30,39
30,31
31,48
31,42
31,49
32,1044
32,1025
32,1043
32,33
32,34
32,35
32,36
33,1044
33,1025
33,1043
33,34
33,35
33,36
33,34
34,1025
34,1317
34,35
34,36
35,1025
35,36
36,1025
36,1045
36,1317
36,1194
37,38
37,39
37,40
37,41
37,42
37,43
37,44
37,45
37,46
37,47
37,48
37,49
37,50
38,50
38,39
38,40
38,41
38,42
38,43
38,44
38,45
38,46
38,47
39,49
39,48
39,40
39,41
39,42
39,43
41,42
41,43
41,44
41,45
41,47
41,48
41,49
41,50
42,651
42,662
42,616
42,107
42,1435
42,464
42,1068
42,43
42,44
42,45
42,46
42,47
42,48
42,49
42,50
42,48
43,44
44,50
44,46
44,49
45,46
45,47
45,48
45,49
48,659
48,662
48,322
48,49
48,50
51,71
51,86
51,63
51,62
51,52
51,53
51,54
51,55
51,56
51,57
51,58
51,59
52,63
52,86
52,85
52,69
52,65
52,1137
52,1136
52,1152
52,53
52,54
52,55
52,56
53,70
53,67
53,54
53,55
53,56
53,57
53,58
54,86
54,85
54,55
54,56
55,70
55,86
55,85
56,67
56,70
56,86
56,57
56,58
56,59
56,61
57,70
58,86
58,85
59,71
59,63
56,67
56,70
56,86
56,57
56,58
56,59
56,61
61,1144
61,1876
61,62
61,65
62,85
62,70
62,69
62,63
63,69
63,257
63,1144
63,65
63,71
63,72
63,85
63,86
61,1144
61,1876
61,62
61,65
65,66
65,1144
65,1152
65,1867
65,1884
65,1876
65,69
65,70
65,71
65,67
65,72
66,72
66,70
66,67
67,72
67,86
67,85
67,70
65,66
65,1144
65,1152
65,1867
65,1884
65,1876
65,69
65,70
65,71
65,67
65,72
69,1137
69,1143
69,1144
69,1145
69,70
69,71
69,72
69,70
70,71
70,72
73,83
73,82
73,1668
73,1669
73,1679
73,74
73,75
73,76
73,77
73,78
73,79
74,694
74,689
74,679
74,693
74,302
74,303
74,306
74,960
74,957
74,301
74,1612
74,75
74,76
74,77
74,78
74,79
74,81
74,82
74,83
74,88
74,89
74,90
74,83
74,90
74,90
74,90
74,83
74,90
74,83
74,90
74,90
74,90
74,90
74,90
74,83
74,83
75,88
75,83
75,82
75,90
76,90
76,1668
76,679
76,303
76,306
76,77
76,78
77,684
77,679
77,686
77,689
77,685
77,306
77,957
77,78
77,79
77,81
77,82
77,83
77,88
78,1668
78,689
79,1668
79,679
79,684
79,685
79,688
79,691
79,692
79,686
79,694
79,81
79,82
79,83
79,1668
79,679
79,684
79,685
79,688
79,691
79,692
79,686
79,694
79,81
79,82
79,83
81,83
81,82
81,89
82,686
82,303
82,960
82,957
82,301
82,83
82,88
82,89
82,90
83,679
83,686
83,694
83,684
83,692
83,689
83,693
83,302
83,304
83,306
83,307
83,301
83,88
83,89
83,90
63,69
63,257
63,1144
63,65
63,71
63,72
63,85
63,86
85,86
82,686
82,303
82,960
82,957
82,301
82,83
82,88
82,89
82,90
88,90
91,116
91,107
91,109
91,111
91,92
91,93
91,94
92,862
92,856
92,857
92,127
92,126
92,93
92,94
92,96
93,862
93,131
93,114
93,107
93,112
93,94
93,96
94,861
94,107
94,104
94,110
94,111
94,115
94,116
94,117
94,119
94,122
94,96
94,97
94,98
94,99
94,100
94,101
94,102
94,861
94,107
94,104
94,110
94,111
94,115
94,116
94,117
94,119
94,122
94,96
94,97
94,98
94,99
94,100
94,101
94,102
96,131
96,128
96,861
96,1390
96,1391
96,97
96,98
96,99
97,126
97,131
97,109
97,118
97,120
97,121
97,122
97,98
97,99
97,100
97,101
97,102
97,104
97,105
97,106
97,107
98,860
98,859
98,107
99,861
99,109
99,110
99,120
99,100
99,101
100,114
100,112
100,113
100,101
100,102
100,104
101,107
101,119
101,109
101,120
101,121
101,124
101,128
102,126
102,109
102,120
102,119
102,857
102,104
102,105
102,106
102,107
97,126
97,131
97,109
97,118
97,120
97,121
97,122
97,98
97,99
97,100
97,101
97,102
97,104
97,105
97,106
97,107
104,114
104,126
104,115
104,128
104,112
104,857
104,105
104,106
104,107
104,109
104,110
105,126
105,128
106,118
106,107
106,858
106,857
107,128
107,1391
107,993
107,1002
107,1003
107,857
107,685
107,306
107,1612
107,679
107,374
107,314
107,1194
107,560
107,1543
107,109
107,110
107,111
107,112
107,113
107,114
107,115
107,116
107,117
107,118
107,119
107,120
107,121
107,122
107,123
107,124
107,128
107,1391
107,993
107,1002
107,1003
107,857
107,685
107,306
107,1612
107,679
107,374
107,314
107,1194
107,560
107,1543
107,109
107,110
107,111
107,112
107,113
107,114
107,115
107,116
107,117
107,118
107,119
107,120
107,121
107,122
107,123
107,124
109,856
109,857
109,1391
109,110
109,111
109,112
109,113
109,114
109,115
109,116
109,117
109,118
109,119
109,120
109,121
109,122
109,123
109,124
109,126
109,127
109,128
109,129
109,130
109,131
110,111
111,128
111,112
111,114
111,115
111,116
111,117
111,118
112,119
112,114
113,114
113,115
113,116
113,117
113,118
114,131
115,116
115,117
116,117
118,128
118,993
118,1002
118,1003
119,862
119,1002
119,1003
119,679
119,304
119,374
119,1383
119,314
119,1543
119,120
119,121
119,122
119,123
119,124
119,126
119,127
119,128
120,121
121,859
121,856
121,128
121,122
123,857
123,858
123,859
123,124
123,126
124,857
109,856
109,857
109,1391
109,110
109,111
109,112
109,113
109,114
109,115
109,116
109,117
109,118
109,119
109,120
109,121
109,122
109,123
109,124
109,126
109,127
109,128
109,129
109,130
109,131
126,856
126,862
126,127
126,128
126,129
126,130
127,862
128,856
128,129
128,130
128,131
128,131
129,856
129,858
129,859
129,130
130,858
130,857
130,859
132,145
132,147
132,171
132,165
132,146
132,167
132,133
132,134
132,135
132,136
132,137
132,138
132,139
132,140
132,141
132,142
132,143
132,144
133,145
133,169
133,165
133,148
133,167
133,164
133,160
133,142
133,158
133,134
133,135
133,136
133,137
133,138
133,139
133,140
134,141
134,145
134,135
135,157
135,148
135,146
135,147
135,167
135,170
135,165
135,163
135,743
135,504
135,723
135,1590
135,1586
135,1588
135,136
135,137
135,138
135,139
135,140
135,141
135,142
135,143
135,144
135,145
136,165
136,167
136,146
136,163
136,498
136,137
136,138
136,139
136,140
136,142
136,143
136,144
136,145
136,157
136,158
136,159
137,171
137,165
137,148
137,167
137,168
137,160
137,157
137,163
137,743
137,504
137,1004
137,1005
137,138
137,139
137,140
137,141
137,142
137,143
137,144
137,145
138,145
138,169
138,142
138,165
138,170
139,145
139,169
139,142
139,165
139,148
139,170
140,145
140,148
140,146
140,157
140,141
140,162
141,165
141,166
141,160
141,147
141,1005
141,1273
141,723
141,1940
141,1586
141,142
141,143
141,144
141,145
141,157
141,158
142,146
142,731
142,498
142,743
142,504
142,725
142,1005
142,723
142,1273
142,1940
142,1588
142,1590
142,1586
142,143
142,144
142,157
142,158
142,159
142,160
142,161
142,162
142,163
142,164
142,165
142,166
142,167
142,168
142,169
142,170
142,171
143,171
143,144
143,148
143,168
143,165
143,160
143,157
143,158
143,162
143,163
144,157
144,158
144,159
145,146
145,147
145,148
146,157
146,158
146,161
146,162
146,163
146,164
146,166
146,147
146,148
148,169
148,165
149,1478
149,1483
149,1485
149,1488
149,150
149,151
150,1486
150,1479
150,1482
150,151
151,1487
152,1987
152,1988
152,1993
152,153
152,154
152,155
153,1987
153,1993
153,1989
153,1990
153,1992
153,154
153,155
153,154
154,1987
154,1988
154,1991
154,1992
154,1994
154,1993
154,155
155,1993
155,1988
155,1991
142,146
142,731
142,498
142,743
142,504
142,725
142,1005
142,723
142,1273
142,1940
142,1588
142,1590
142,1586
142,143
142,144
142,157
142,158
142,159
142,160
142,161
142,162
142,163
142,164
142,165
142,166
142,167
142,168
142,169
142,170
142,171
157,158
157,159
157,160
157,161
157,162
157,163
157,164
157,165
157,166
157,167
158,165
158,731
158,159
158,160
160,161
160,162
160,163
161,731
161,162
161,164
164,165
164,166
164,167
164,168
165,731
165,743
165,725
165,166
165,167
165,168
165,169
165,170
165,171
165,170
169,170
169,171
169,170
169,170
169,170
170,731
170,725
170,504
172,1128
172,1127
172,1129
172,1131
172,1134
172,173
172,174
172,175
172,176
172,177
173,174
174,1129
174,1128
174,1127
174,1671
174,1670
174,407
174,175
174,176
174,177
174,178
175,1128
175,1671
176,177
176,1134
176,1129
177,1129
177,1128
177,1127
177,1671
177,1670
177,854
177,855
177,178
178,1128
178,1133
179,189
179,190
179,636
179,180
179,181
179,182
180,192
180,202
180,203
180,190
180,189
180,636
180,609
180,181
180,182
180,185
180,187
180,188
181,185
181,190
181,191
182,190
182,187
182,188
182,191
182,202
182,636
182,189
182,192
183,1129
183,1131
183,1133
183,1135
183,184
184,1129
185,186
185,187
185,188
185,189
185,190
185,191
185,192
186,189
186,609
187,188
187,189
187,190
187,191
187,202
187,203
187,192
188,189
188,190
189,636
189,616
189,620
189,190
189,191
189,192
189,202
189,203
190,192
190,616
190,615
190,624
190,625
190,191
191,203
191,624
191,616
191,606
191,192
191,202
192,202
192,203
193,199
193,211
193,194
193,195
194,199
194,205
194,210
194,206
194,195
194,196
195,207
195,199
195,211
195,212
195,196
195,198
196,205
196,206
196,1480
196,1476
196,1481
196,1479
196,1488
196,1484
196,197
196,198
196,199
196,200
197,207
197,204
197,205
197,206
197,198
198,207
198,206
198,211
199,212
199,206
199,200
199,204
199,207
199,210
200,210
200,204
189,636
189,616
189,620
189,190
189,191
189,192
189,202
189,203
202,203
204,210
204,211
204,212
204,205
204,206
204,207
205,1480
205,1490
205,1479
205,1488
205,1484
205,1476
205,1482
205,1988
205,1261
205,287
205,1068
205,206
205,207
205,210
205,211
205,212
205,211
206,1488
206,1490
206,207
206,210
206,211
206,212
207,210
207,211
208,1590
208,209
209,1588
209,1590
210,211
210,212
211,212
213,249
213,254
213,255
213,234
213,228
213,230
213,229
213,214
213,215
213,216
213,217
213,218
213,219
214,231
214,254
214,215
214,216
214,217
214,218
214,219
214,221
214,222
214,223
215,228
215,249
215,216
215,217
215,218
215,219
215,221
215,222
215,223
215,224
215,225
215,226
215,227
216,249
216,234
216,239
216,246
216,228
216,217
216,218
217,246
217,228
217,223
218,228
218,249
218,231
218,253
218,247
218,256
218,251
218,237
218,219
218,221
218,222
218,223
218,224
218,225
218,226
218,227
218,234
218,239
218,240
219,254
219,251
219,223
215,228
215,249
215,216
215,217
215,218
215,219
215,221
215,222
215,223
215,224
215,225
215,226
215,227
221,231
221,234
221,239
221,225
221,232
222,228
222,256
222,223
222,224
222,225
222,226
222,227
222,234
223,254
223,251
224,256
224,242
224,229
225,228
225,232
225,253
225,254
225,226
225,227
226,253
226,227
227,253
227,250
227,230
228,247
228,229
228,230
228,231
228,232
229,237
229,230
230,249
230,242
230,253
230,234
230,653
230,651
230,647
230,231
230,232
230,236
230,237
230,251
231,237
232,247
232,254
232,251
232,236
232,237
222,228
222,256
222,223
222,224
222,225
222,226
222,227
222,234
234,239
234,240
232,247
232,254
232,251
232,236
232,237
236,237
237,244
237,251
237,256
237,256
237,256
237,256
218,228
218,249
218,231
218,253
218,247
218,256
218,251
218,237
218,219
218,221
218,222
218,223
218,224
218,225
218,226
218,227
218,234
218,239
218,240
239,255
239,256
239,240
239,242
240,255
239,255
239,256
239,240
239,242
242,256
242,244
242,245
242,246
242,247
242,248
242,249
242,250
242,251
242,256
242,244
242,245
242,246
242,247
242,248
242,249
242,250
242,251
244,256
244,245
245,248
245,247
245,249
246,250
246,247
247,250
247,248
248,249
249,250
249,251
249,253
249,254
249,255
250,251
250,253
251,253
251,254
251,255
251,256
251,253
251,254
251,255
251,256
253,254
254,255
258,1989
258,1988
258,1990
258,1991
258,259
259,272
259,275
259,278
259,279
259,270
259,281
259,269
259,297
259,290
259,1996
259,263
259,264
259,265
259,266
259,267
259,268
259,272
259,275
259,278
259,279
259,270
259,281
259,269
259,297
259,290
259,1996
259,263
259,264
259,265
259,266
259,267
259,268
263,293
263,1994
263,1996
263,266
263,283
263,270
263,264
263,265
263,267
264,293
264,285
264,287
264,265
265,287
265,1479
265,1068
266,1996
266,1988
266,267
266,268
266,272
266,274
266,275
267,290
267,286
268,270
268,280
268,295
269,272
269,274
269,277
269,295
269,270
269,271
270,294
270,1996
270,287
270,1476
270,1261
270,271
270,272
270,280
270,281
270,292
270,293
270,295
270,296
271,295
271,294
271,276
271,1996
271,1988
271,283
271,272
271,280
271,281
272,295
272,273
272,274
272,275
272,276
272,277
272,278
272,279
272,280
272,281
273,290
273,287
273,285
273,295
273,296
273,274
273,275
273,276
273,277
273,278
273,279
273,280
274,294
274,281
274,293
274,286
276,282
276,284
276,287
276,286
276,277
276,278
276,279
276,280
277,295
277,293
277,297
277,278
279,297
279,287
279,295
280,290
280,285
280,287
280,289
280,292
280,293
281,292
281,293
281,294
281,295
281,296
281,297
281,293
282,283
282,284
283,285
283,289
283,1988
283,1996
283,284
283,284
284,285
284,1988
284,1479
285,286
285,287
285,288
285,289
285,290
286,293
286,295
286,290
286,287
286,288
286,289
287,1261
287,289
287,290
287,292
287,293
287,294
287,295
287,296
287,297
288,293
289,293
289,290
290,1994
290,292
290,293
292,293
292,294
292,295
292,296
292,297
293,1994
293,1989
293,294
293,295
293,297
293,295
294,296
294,295
295,296
295,297
298,302
298,299
299,309
299,303
299,306
299,301
299,309
299,303
299,306
299,301
301,303
301,307
301,685
301,302
301,306
302,1679
302,303
302,304
302,305
302,306
302,307
303,1679
303,304
303,305
303,306
303,307
303,309
304,307
304,1680
304,305
305,307
305,306
306,1679
306,679
306,685
306,1612
306,307
306,309
307,309
303,1679
303,304
303,305
303,306
303,307
303,309
310,1903
310,1899
310,311
311,1940
311,1937
311,1906
311,1909
311,1899
311,1913
312,321
312,1088
312,1087
312,1052
312,1069
312,313
312,314
312,315
312,316
313,337
313,336
313,1385
313,339
313,314
313,316
313,318
313,319
313,320
313,321
314,1385
314,1087
314,1071
314,1052
314,1069
314,1383
314,1386
314,1389
314,1165
314,1546
314,1725
314,1543
314,374
314,853
314,315
314,316
314,318
314,319
314,320
314,321
314,335
314,336
314,337
314,338
314,339
315,1385
315,321
315,320
315,1087
315,1088
315,1052
315,1069
315,316
315,335
315,336
315,337
315,338
315,339
315,339
316,337
316,335
316,320
316,1385
316,1384
313,337
313,336
313,1385
313,339
313,314
313,316
313,318
313,319
313,320
313,321
318,319
318,321
318,335
319,336
319,338
319,335
319,1385
319,320
319,321
320,339
320,321
320,335
321,339
322,1455
322,1457
322,1460
322,1473
322,659
322,665
322,1220
322,600
322,662
322,651
322,647
322,323
322,324
322,325
322,326
322,327
322,328
322,329
322,330
322,331
322,332
322,333
323,324
323,325
323,330
324,1446
324,1458
324,1474
324,325
324,326
324,327
324,328
324,330
325,1451
325,1462
326,1458
326,1438
326,600
326,598
326,328
326,329
327,1455
327,1456
327,1446
327,1448
327,1459
327,1436
327,328
327,329
327,330
328,1456
328,1459
328,1446
329,1444
329,1436
329,330
329,331
329,332
329,333
329,331
330,1455
330,1436
330,1456
330,1473
330,331
331,1444
331,1456
331,1461
331,1469
331,665
331,653
331,332
331,333
332,1444
332,1446
333,1455
333,1473
333,662
333,647
333,659
333,660
333,673
333,653
333,665
314,1385
314,1087
314,1071
314,1052
314,1069
314,1383
314,1386
314,1389
314,1165
314,1546
314,1725
314,1543
314,374
314,853
314,315
314,316
314,318
314,319
314,320
314,321
314,335
314,336
314,337
314,338
314,339
335,336
336,337
336,338
339,1386
340,350
340,351
340,352
340,363
340,366
340,341
340,342
341,350
341,355
341,358
341,363
341,342
341,344
341,345
341,346
342,350
342,346
342,347
342,345
342,363
342,344
341,350
341,355
341,358
341,363
341,342
341,344
341,345
341,346
344,361
344,355
344,363
344,362
344,365
344,1872
344,348
344,345
344,346
344,347
344,352
344,353
344,354
345,346
345,347
346,351
346,347
347,361
347,358
347,356
347,348
347,349
347,350
347,351
347,352
347,353
347,354
348,365
348,355
348,357
348,1872
348,349
348,350
348,351
348,352
348,353
348,354
348,358
348,361
348,362
348,363
349,363
349,362
349,365
350,351
350,352
350,353
350,354
350,361
350,362
350,363
350,365
350,366
351,363
351,362
351,365
352,1872
352,388
352,1884
352,1543
352,1383
352,353
352,354
352,361
352,362
352,363
352,365
352,366
353,365
353,362
353,363
354,357
354,363
354,1882
354,1884
354,1359
354,361
354,362
355,362
355,356
355,357
355,358
355,359
356,358
356,363
356,357
357,362
357,358
358,365
358,359
358,361
358,362
358,363
359,365
359,362
359,366
348,365
348,355
348,357
348,1872
348,349
348,350
348,351
348,352
348,353
348,354
348,358
348,361
348,362
348,363
362,363
362,365
362,366
362,365
363,365
363,366
363,365
350,351
350,352
350,353
350,354
350,361
350,362
350,363
350,365
350,366
365,366
367,379
367,378
367,501
367,500
367,502
367,368
367,369
367,370
367,371
367,372
367,373
367,374
367,375
367,376
368,379
368,380
368,378
368,369
368,370
368,371
368,372
368,373
368,374
368,375
368,376
369,379
369,380
369,499
369,500
369,370
369,371
369,372
369,373
369,374
370,502
370,499
370,500
370,371
370,372
370,373
370,374
370,375
371,378
371,372
372,380
372,374
373,379
373,380
373,376
373,378
373,501
373,502
373,374
373,375
374,501
374,499
374,502
374,1383
374,1543
374,375
374,376
374,378
374,379
374,380
375,379
375,380
375,501
375,502
376,499
376,378
376,379
376,380
376,499
376,378
376,379
376,380
378,379
378,380
378,379
379,380
381,390
381,388
381,389
381,392
381,382
381,383
381,384
381,385
382,389
382,390
382,392
382,383
382,384
382,385
382,386
382,388
383,390
383,388
383,391
383,385
383,384
384,385
384,386
384,388
384,391
384,390
385,1946
385,1958
385,1960
385,1976
385,1949
385,1867
385,1884
385,1882
385,386
385,388
385,389
385,390
385,391
385,390
385,390
385,389
385,389
385,389
385,389
385,388
386,1946
386,1976
386,1978
386,1949
386,1957
386,1959
386,1983
386,387
386,388
386,389
386,390
386,391
386,392
387,389
387,1983
387,1949
387,388
388,1958
388,1949
388,1966
388,1981
388,1976
388,1960
388,1867
388,1884
388,389
388,390
388,391
388,392
389,1958
389,1946
389,1949
389,1963
389,390
389,391
389,392
390,1958
390,1984
390,1976
390,1956
390,1981
390,391
390,392
392,1966
392,1949
392,1957
392,1958
393,422
393,412
393,420
393,423
393,421
393,394
393,395
393,396
393,397
394,407
394,399
394,422
394,412
394,401
394,396
394,397
394,398
394,404
395,423
395,411
395,398
395,410
395,405
395,403
395,406
395,408
395,399
395,412
395,422
395,400
395,396
395,397
395,424
395,421
396,422
396,401
396,423
396,421
396,424
396,397
397,422
397,421
397,412
397,399
397,408
398,422
398,421
398,420
398,399
398,400
398,401
398,402
398,403
398,404
398,405
398,406
398,407
398,408
398,409
398,410
398,411
398,412
399,1791
399,1792
399,1787
399,808
399,400
399,401
399,402
399,403
399,404
399,405
399,406
399,407
399,408
399,409
399,410
399,411
399,412
399,420
399,421
399,422
399,423
399,424
400,411
400,408
400,420
400,1795
400,401
400,402
400,403
400,404
401,409
401,408
401,402
401,403
402,409
402,411
403,420
403,1787
403,1777
403,1791
403,1806
403,580
403,404
403,405
403,406
403,407
403,408
403,409
403,410
403,411
403,412
404,422
405,420
405,421
405,406
406,407
406,408
407,1791
407,1221
407,1127
407,408
407,409
408,796
408,1127
408,852
408,561
408,1194
408,1221
408,409
408,410
408,411
408,412
408,420
408,421
408,422
408,423
408,424
411,420
412,796
412,793
412,1809
412,420
412,421
412,422
413,1768
413,1753
413,1765
413,414
413,415
413,416
413,417
413,418
414,1768
414,1753
414,1751
414,1757
414,1763
414,1765
414,1737
414,1759
414,1742
414,1250
414,1256
414,415
414,416
414,417
414,418
414,417
414,418
414,417
414,415
415,1753
415,1736
415,1749
415,1752
415,1737
415,1731
415,1741
415,416
415,418
415,416
416,1758
416,1757
416,1736
416,1765
416,1759
416,1753
416,1756
416,1752
416,1742
416,1261
416,417
416,418
416,417
416,418
416,418
417,1768
417,1758
417,1736
417,1727
417,1741
417,1747
417,1764
417,1757
417,418
418,1768
418,1758
418,1765
418,1759
418,1753
418,1742
418,1261
418,1250
399,1791
399,1792
399,1787
399,808
399,400
399,401
399,402
399,403
399,404
399,405
399,406
399,407
399,408
399,409
399,410
399,411
399,412
399,420
399,421
399,422
399,423
399,424
420,421
420,422
420,423
421,798
421,1336
421,422
421,423
421,424
421,424
421,424
421,422
421,424
421,422
421,424
421,424
421,424
421,424
421,422
421,422
422,797
422,423
422,424
423,424
425,434
425,426
425,427
426,455
426,435
426,437
426,439
426,440
426,451
426,436
426,450
426,427
426,442
426,443
426,444
426,445
426,446
426,447
426,448
427,455
427,434
427,436
427,437
427,451
427,442
427,443
427,444
428,874
428,429
428,430
428,431
428,432
428,433
429,874
429,875
429,876
429,430
429,431
430,873
430,433
430,1225
430,1221
430,1223
430,431
430,432
431,876
431,873
432,874
432,433
434,435
434,436
434,437
434,438
434,439
434,440
435,442
435,443
435,451
435,446
435,524
435,541
435,508
435,906
435,910
435,896
435,1261
435,1068
435,436
435,437
435,438
435,439
435,440
435,448
435,455
435,453
435,456
435,457
436,442
436,451
436,447
436,445
436,437
436,438
437,438
437,439
438,442
438,445
438,446
439,440
439,448
439,455
439,456
440,457
440,524
440,526
440,448
440,455
426,455
426,435
426,437
426,439
426,440
426,451
426,436
426,450
426,427
426,442
426,443
426,444
426,445
426,446
426,447
426,448
442,455
442,456
442,451
442,443
442,444
442,445
442,446
443,451
443,444
444,455
444,456
444,452
445,446
445,447
446,453
446,452
446,447
447,453
447,457
447,448
447,450
447,451
447,452
448,526
448,536
448,510
448,508
448,900
448,906
448,896
448,450
448,451
448,452
448,453
448,526
448,536
448,510
448,508
448,900
448,906
448,896
448,450
448,451
448,452
448,453
450,453
451,453
452,453
452,526
452,455
452,457
452,456
452,455
453,457
453,456
435,442
435,443
435,451
435,446
435,524
435,541
435,508
435,906
435,910
435,896
435,1261
435,1068
435,436
435,437
435,438
435,439
435,440
435,448
435,455
435,453
435,456
435,457
455,456
455,457
456,457
456,457
456,457
456,457
458,1507
458,1493
458,459
458,460
458,461
458,462
459,1493
459,460
460,1508
460,1507
460,461
460,462
461,1493
461,1003
461,993
461,462
462,1508
462,1493
463,662
463,616
463,1431
463,464
464,790
464,769
464,651
464,1590
464,1194
465,472
465,480
465,495
465,479
465,485
465,490
465,478
465,466
465,467
465,468
465,469
465,470
466,472
466,480
466,467
467,472
467,473
467,487
467,470
467,471
467,476
467,468
467,469
468,472
468,487
468,486
468,469
468,470
468,471
469,470
469,480
469,481
470,494
470,485
470,490
470,495
470,780
470,471
470,475
470,476
470,477
470,478
470,479
470,480
470,481
471,476
471,478
471,483
471,486
471,472
471,473
472,473
473,490
473,486
473,483
470,494
470,485
470,490
470,495
470,780
470,471
470,475
470,476
470,477
470,478
470,479
470,480
470,481
475,493
475,488
475,476
475,477
475,479
476,495
476,493
476,492
476,494
476,490
476,769
476,790
476,780
476,772
476,1643
476,477
476,478
476,479
476,480
476,483
476,484
476,485
476,486
476,487
476,488
477,495
477,493
477,490
478,495
479,488
479,494
481,486
481,494
476,495
476,493
476,492
476,494
476,490
476,769
476,790
476,780
476,772
476,1643
476,477
476,478
476,479
476,480
476,483
476,484
476,485
476,486
476,487
476,488
483,496
483,484
483,485
483,486
483,487
483,488
483,490
483,492
484,495
484,490
484,493
485,486
486,495
486,492
486,487
486,488
486,490
487,495
488,492
486,495
486,492
486,487
486,488
486,490
490,492
490,493
490,494
490,495
490,496
490,492
490,493
490,494
490,495
490,496
492,496
493,494
493,496
493,495
494,495
495,496
497,507
497,505
497,498
498,706
498,720
498,704
498,1277
498,1276
498,738
498,504
498,505
498,506
498,507
499,500
499,501
499,502
500,501
500,502
501,502
498,706
498,720
498,704
498,1277
498,1276
498,738
498,504
498,505
498,506
498,507
504,720
504,744
504,1277
504,1282
504,743
504,738
504,1004
504,1590
504,505
504,506
504,507
504,507
504,507
504,506
504,505
504,507
504,506
504,505
505,506
505,720
505,507
506,706
506,704
506,507
507,720
507,744
507,740
507,1277
507,1276
507,738
507,743
508,550
508,525
508,526
508,536
508,509
508,510
509,550
509,548
509,534
509,526
509,542
509,537
509,510
509,512
509,513
509,514
510,551
510,553
510,525
510,519
510,526
510,542
510,536
510,512
510,513
510,514
509,550
509,548
509,534
509,526
509,542
509,537
509,510
509,512
509,513
509,514
512,530
512,513
512,516
512,517
512,518
512,519
513,514
512,530
512,513
512,516
512,517
512,518
512,519
516,530
516,532
516,535
516,543
516,551
516,522
516,517
516,518
516,519
516,524
516,525
517,543
517,551
517,545
517,531
517,522
517,521
517,520
517,518
517,519
517,524
517,526
518,530
518,543
518,522
518,520
518,521
518,541
518,546
519,552
519,551
519,524
519,525
519,526
519,527
519,528
519,529
519,521
519,522
520,521
520,522
521,524
521,526
521,522
522,531
522,533
522,532
522,540
522,541
522,542
522,543
522,544
522,545
522,546
522,547
522,548
522,549
522,550
522,551
522,552
522,553
519,552
519,551
519,524
519,525
519,526
519,527
519,528
519,529
519,521
519,522
524,541
524,544
524,534
524,526
524,527
525,530
525,545
525,546
525,542
525,541
525,526
525,527
525,528
526,542
526,537
526,527
526,528
526,529
526,536
526,538
527,538
527,545
528,538
529,552
529,545
529,542
529,546
529,548
529,551
529,536
530,531
530,532
530,533
530,534
530,535
531,545
531,542
531,547
531,548
531,550
531,551
531,552
531,553
531,532
532,533
532,534
532,535
533,549
533,545
533,552
533,551
533,534
533,535
533,540
533,541
535,542
535,540
535,544
535,547
536,545
536,910
536,537
536,538
522,531
522,533
522,532
522,540
522,541
522,542
522,543
522,544
522,545
522,546
522,547
522,548
522,549
522,550
522,551
522,552
522,553
540,549
540,546
540,547
540,541
540,542
540,543
540,544
541,551
541,542
541,543
541,544
542,551
542,548
542,543
542,544
542,545
542,546
542,547
545,546
545,547
545,548
545,549
545,550
545,551
545,552
545,553
546,547
548,549
548,550
551,552
551,553
554,1078
554,1064
554,1058
554,1062
554,1077
554,555
554,556
554,557
554,558
554,559
555,1058
555,1059
555,1055
555,1068
555,1062
555,1064
555,556
555,558
555,559
555,557
555,559
556,1078
556,1058
556,557
556,558
556,559
557,1078
557,1062
557,1079
557,1080
557,558
557,559
558,559
558,1078
558,1060
558,1059
558,1068
558,1081
559,1062
559,1053
559,1059
559,1060
559,1058
559,1068
559,1081
559,1065
560,1221
560,1194
560,561
561,1221
561,1194
562,969
562,980
562,982
562,1300
562,1292
562,1304
562,1286
562,563
562,564
562,565
562,566
562,567
562,568
563,564
563,981
563,978
563,982
563,980
563,969
563,966
563,968
563,965
563,975
563,976
563,971
563,565
563,566
563,567
563,568
563,567
563,566
563,568
564,565
564,566
564,567
564,568
564,567
565,981
565,969
565,965
565,566
565,567
565,568
566,981
566,969
566,965
566,967
566,971
566,978
566,976
566,982
566,980
566,968
566,1284
566,1300
566,1286
566,1828
566,1826
566,567
566,568
566,568
567,980
567,982
567,1284
567,1286
567,1287
567,1292
567,1822
567,1515
567,833
567,1835
567,1513
567,568
568,981
568,965
568,980
568,982
568,968
568,1287
568,1292
568,1304
569,588
569,584
569,593
569,585
569,583
569,586
569,582
569,570
569,571
569,572
569,573
569,574
569,575
569,576
569,577
570,571
570,588
570,593
570,594
570,595
570,597
570,574
571,586
571,576
571,596
571,591
571,572
571,573
572,586
572,588
572,596
572,594
572,589
572,573
572,574
572,575
573,583
573,584
573,577
574,584
574,593
574,595
574,586
574,589
574,591
574,583
574,575
574,576
574,577
574,582
574,588
574,577
575,593
575,583
575,588
575,589
575,590
575,595
575,576
576,593
576,589
576,591
576,583
576,595
576,596
576,581
576,579
576,577
576,582
576,588
577,584
577,583
577,587
577,585
577,595
577,589
577,594
577,597
577,582
577,588
578,596
578,594
578,591
578,588
578,579
578,580
578,581
579,588
579,580
579,581
580,596
580,594
580,588
580,1777
580,1787
580,854
580,581
580,581
580,581
581,596
581,588
581,591
582,589
582,588
582,596
582,595
582,592
582,583
582,584
582,585
582,586
582,587
583,592
583,588
583,589
583,584
583,585
583,586
583,587
583,587
583,591
583,595
584,595
584,585
584,587
584,587
587,592
587,589
587,591
587,593
587,597
587,595
588,1777
588,1120
588,1792
588,589
588,590
588,591
588,592
588,593
588,594
588,595
588,596
588,597
589,596
589,590
589,591
589,592
589,593
589,594
589,595
591,592
591,593
591,594
591,595
591,596
591,597
591,596
591,596
592,593
592,594
592,595
592,596
592,597
592,596
592,595
592,595
592,595
594,596
594,1120
594,595
595,596
595,597
596,597
598,613
598,614
598,599
598,600
598,601
599,601
599,613
599,1465
599,600
600,1465
600,1438
600,660
600,665
600,1214
600,601
600,613
600,614
601,614
601,1438
601,1465
601,613
602,634
602,603
602,604
602,605
602,606
602,607
603,634
603,631
603,632
603,630
603,635
603,604
603,605
603,606
603,607
603,609
603,610
603,611
603,612
603,618
603,619
603,620
603,621
603,616
603,622
603,623
603,624
603,625
603,626
603,627
603,628
604,631
604,618
604,609
604,606
605,634
605,630
605,606
606,622
606,623
606,616
606,1408
606,1588
606,1590
606,1431
606,607
606,609
606,610
606,611
606,612
607,635
606,622
606,623
606,616
606,1408
606,1588
606,1590
606,1431
606,607
606,609
606,610
606,611
606,612
609,630
609,611
609,612
610,631
610,632
610,627
610,616
610,633
610,611
611,632
611,630
611,633
611,616
611,622
611,628
612,631
612,635
612,630
612,633
612,616
612,628
612,618
612,619
612,620
612,621
612,622
613,1469
613,1446
613,614
614,1473
614,1456
615,623
615,616
616,619
616,620
616,1586
616,1557
616,651
616,662
616,1431
616,622
616,623
616,624
616,625
616,626
616,627
616,628
616,630
616,631
616,632
616,633
616,634
616,635
616,636
616,636
616,633
616,630
603,634
603,631
603,632
603,630
603,635
603,604
603,605
603,606
603,607
603,609
603,610
603,611
603,612
603,618
603,619
603,620
603,621
603,616
603,622
603,623
603,624
603,625
603,626
603,627
603,628
618,631
618,630
618,627
618,633
618,634
618,619
618,620
618,621
618,622
618,623
619,635
619,633
619,630
620,636
620,633
620,625
620,621
620,622
621,631
621,635
621,622
621,623
622,635
622,630
622,633
623,635
623,633
623,1590
623,1586
623,1588
623,624
623,625
625,635
625,633
626,631
626,635
626,627
626,628
627,628
627,630
627,631
627,632
627,633
627,634
627,635
627,636
628,630
628,633
627,628
627,630
627,631
627,632
627,633
627,634
627,635
627,636
630,631
630,632
630,633
630,634
630,635
630,636
630,633
630,633
632,636
632,633
633,634
633,635
637,1190
637,876
637,1194
637,1230
637,821
637,1200
637,638
637,639
637,640
637,641
637,642
637,643
637,644
638,644
638,639
638,1843
638,876
638,1230
638,640
638,641
638,642
638,643
639,643
639,641
639,1194
639,1224
639,640
639,642
640,1221
640,1222
640,1196
640,642
640,643
640,644
640,641
641,1843
641,876
641,1223
641,1230
641,1194
641,1224
641,642
641,643
641,644
642,644
642,643
643,1190
643,1194
643,1196
643,1223
643,644
645,656
645,659
645,653
645,669
645,670
645,646
645,647
645,648
645,649
645,650
645,651
646,661
646,669
646,667
646,647
646,648
646,649
646,650
646,651
646,653
647,659
647,1672
647,673
647,1220
647,648
647,649
647,650
647,651
647,653
647,654
647,657
647,660
647,661
647,662
647,663
647,664
648,661
648,669
648,660
648,662
648,667
648,673
648,649
649,659
649,653
650,668
650,662
650,651
651,656
651,669
651,1673
651,1214
651,1212
651,653
651,654
651,657
651,659
651,660
651,661
651,662
651,663
651,664
651,665
651,667
646,661
646,669
646,667
646,647
646,648
646,649
646,650
646,651
646,653
653,656
653,674
653,672
653,675
653,1462
653,1214
653,1213
653,1220
653,1212
653,654
653,657
653,659
653,660
653,661
653,662
653,663
653,664
653,655
653,665
654,672
654,669
654,660
654,655
654,656
654,657
655,672
655,667
655,656
655,657
656,660
656,661
656,663
656,664
657,674
657,675
657,671
657,1672
657,667
657,659
657,660
657,661
657,662
657,663
657,664
657,665
657,677
657,678
653,656
653,674
653,672
653,675
653,1462
653,1214
653,1213
653,1220
653,1212
653,654
653,657
653,659
653,660
653,661
653,662
653,663
653,664
653,655
653,665
659,1672
659,1456
659,1211
659,1214
659,1219
659,1212
659,660
659,662
659,663
659,664
659,665
659,667
659,668
659,669
659,670
659,671
659,672
659,673
659,674
659,675
660,668
660,671
660,673
660,677
660,675
660,1672
660,1673
660,1211
660,1214
660,661
660,662
660,663
660,664
660,665
660,667
660,669
660,670
661,675
661,662
661,673
661,669
662,1672
662,1673
662,1462
662,1213
662,1219
662,1220
662,1212
662,1431
662,1476
662,1068
662,663
662,664
662,665
662,667
662,668
662,669
662,670
662,671
662,672
662,673
662,674
662,675
664,674
664,671
664,673
665,678
665,1673
665,1462
665,1214
665,1213
665,667
665,668
659,1672
659,1456
659,1211
659,1214
659,1219
659,1212
659,660
659,662
659,663
659,664
659,665
659,667
659,668
659,669
659,670
659,671
659,672
659,673
659,674
659,675
667,678
667,677
667,1673
667,668
667,669
667,670
667,671
667,672
668,670
669,670
672,673
673,1673
673,1456
673,1462
673,675
673,677
674,677
674,675
657,674
657,675
657,671
657,1672
657,667
657,659
657,660
657,661
657,662
657,663
657,664
657,665
657,677
657,678
677,678
679,1612
679,680
679,681
679,682
679,683
679,684
679,685
679,686
679,687
679,688
679,689
679,690
679,691
679,692
679,693
679,694
680,687
680,689
680,691
680,681
681,692
681,685
681,684
681,689
681,682
681,683
682,688
682,687
682,692
682,691
682,684
682,685
683,684
683,692
683,691
684,1681
684,685
684,686
684,687
684,688
684,689
684,690
684,691
684,692
684,693
684,694
684,691
685,694
685,693
685,686
685,687
685,688
685,689
686,694
686,687
686,688
686,689
687,694
687,688
687,689
687,690
687,691
688,690
691,1681
691,692
691,693
691,694
691,694
691,692
692,1681
692,693
692,694
692,694
693,694
694,1681
694,1669
695,703
695,704
695,701
695,706
695,708
695,722
695,726
695,729
695,730
695,739
695,742
695,744
695,745
695,747
695,696
695,697
695,698
695,699
696,707
696,705
696,722
696,704
696,697
697,703
697,699
697,702
698,734
698,744
698,737
698,726
698,742
698,699
698,701
699,736
699,734
699,730
699,744
699,725
699,716
699,714
699,718
699,726
699,723
699,701
699,702
699,703
699,704
699,705
699,706
699,707
699,708
699,709
699,710
699,711
699,736
699,734
699,730
699,744
699,725
699,716
699,714
699,718
699,726
699,723
699,701
699,702
699,703
699,704
699,705
699,706
699,707
699,708
699,709
699,710
699,711
701,736
701,733
701,734
701,731
701,744
701,743
701,714
701,702
701,703
701,704
701,705
702,734
702,725
702,722
702,723
702,724
702,746
702,703
702,704
703,704
704,715
704,713
704,705
704,706
704,707
704,708
704,709
704,710
704,711
704,722
704,723
704,718
704,720
704,724
704,725
704,726
704,727
704,728
704,729
704,730
704,731
704,732
704,733
704,734
704,735
704,736
704,737
704,738
704,739
704,740
704,741
704,742
704,743
704,744
704,745
704,746
704,747
705,734
705,714
705,718
705,726
705,706
705,707
706,718
707,722
707,726
708,730
708,719
708,709
708,711
708,722
708,723
708,724
708,725
709,715
709,713
709,714
709,710
709,711
709,722
709,723
709,724
709,725
710,715
711,730
711,724
711,726
711,731
711,737
711,722
712,735
712,730
712,733
712,736
712,737
712,738
712,713
712,714
712,715
712,716
712,717
712,718
712,719
712,720
713,735
713,747
713,743
713,745
713,714
713,715
713,717
713,718
714,715
714,717
715,735
715,722
715,723
716,730
716,724
716,726
717,730
717,724
717,726
717,732
717,739
718,719
718,720
719,724
719,722
719,725
719,730
719,731
720,735
704,715
704,713
704,705
704,706
704,707
704,708
704,709
704,710
704,711
704,722
704,723
704,718
704,720
704,724
704,725
704,726
704,727
704,728
704,729
704,730
704,731
704,732
704,733
704,734
704,735
704,736
704,737
704,738
704,739
704,740
704,741
704,742
704,743
704,744
704,745
704,746
704,747
722,746
722,723
722,724
722,725
723,733
723,1273
723,1005
723,1586
723,1590
723,725
723,726
723,727
723,728
724,733
724,741
724,737
724,725
724,726
724,727
724,729
724,730
724,731
724,732
725,733
725,746
725,737
725,741
725,726
725,727
725,728
726,746
726,741
726,740
726,727
726,728
726,729
726,730
726,731
726,732
726,733
726,734
726,735
726,736
726,737
726,738
726,739
727,733
727,732
727,734
727,735
728,746
729,741
729,740
729,744
730,731
730,732
730,733
730,734
730,735
730,736
730,737
730,739
731,744
731,741
731,1272
731,733
731,734
731,735
731,736
731,737
731,738
731,739
732,744
732,737
732,740
732,743
732,741
732,733
732,734
732,735
733,734
733,735
733,736
735,736
735,737
735,738
735,739
737,738
737,739
737,740
737,741
737,742
737,743
737,744
737,745
737,746
738,1272
738,1273
738,743
738,1276
739,740
740,741
740,742
740,743
740,744
743,1282
743,744
743,745
743,746
743,747
744,745
744,746
745,1275
745,1274
745,1276
745,1273
745,746
745,747
748,785
748,754
748,784
748,760
748,763
748,749
748,750
748,751
748,752
749,754
749,752
749,778
749,772
749,750
749,751
750,754
750,751
750,752
750,772
750,775
750,776
750,777
751,785
751,754
751,773
751,778
751,760
751,782
751,1512
751,1509
751,1511
751,1495
751,762
751,771
751,766
751,752
751,772
751,774
751,775
751,776
751,777
751,780
751,781
751,787
751,788
751,789
751,790
751,791
751,792
751,784
751,790
751,784
751,784
751,784
752,773
752,760
752,781
752,762
752,764
752,772
752,774
753,768
753,765
753,767
753,774
753,754
754,788
754,792
754,789
754,777
754,782
754,784
754,785
755,882
755,878
755,756
755,757
755,758
756,878
756,881
756,886
756,887
756,757
757,758
757,900
757,904
757,896
759,777
759,773
759,780
759,760
759,761
759,762
759,763
759,764
759,765
759,766
759,767
759,768
759,769
760,767
760,777
760,761
760,762
760,763
761,781
761,762
761,763
761,764
761,765
761,766
761,767
761,768
761,769
761,771
761,772
761,774
761,775
762,777
762,790
762,772
762,780
762,787
762,1511
763,784
764,771
764,772
765,766
765,767
765,768
765,769
765,771
766,780
766,787
766,772
767,784
767,769
767,768
767,771
768,791
768,781
768,784
768,769
768,771
768,772
768,774
768,775
768,776
769,780
769,1643
769,790
767,784
767,769
767,768
767,771
771,778
771,1509
771,787
771,790
771,772
772,781
772,782
772,1509
772,780
772,1643
772,773
772,774
772,775
772,776
772,777
772,778
773,791
773,780
773,790
773,774
773,775
773,776
773,777
773,778
775,782
775,776
776,791
777,778
777,780
777,781
777,782
778,1509
777,778
777,780
777,781
777,782
780,1643
780,787
780,788
780,789
780,790
780,791
780,792
781,782
782,784
782,785
754,788
754,792
754,789
754,777
754,782
754,784
754,785
784,792
784,785
785,788
785,792
780,1643
780,787
780,788
780,789
780,790
780,791
780,792
787,788
787,789
789,790
790,1511
790,1512
790,1642
790,791
790,792
793,819
793,1797
793,1796
793,1798
793,917
793,918
793,916
793,794
793,795
793,796
793,797
793,798
793,799
793,800
793,801
793,802
793,803
793,804
793,805
793,806
793,807
793,808
793,809
793,810
794,803
794,806
794,809
794,804
794,805
794,807
794,795
794,796
794,797
794,798
794,799
794,800
794,801
795,810
795,809
795,796
795,797
795,798
795,799
795,800
795,801
795,802
795,803
795,804
795,805
795,806
795,807
796,826
796,827
796,809
796,810
796,812
796,1108
796,1791
796,1806
796,1809
796,1815
796,797
796,798
796,799
796,800
796,801
796,802
796,803
796,804
796,805
796,806
796,807
796,808
796,818
796,819
797,806
797,809
797,1797
797,1325
797,1322
798,819
798,818
798,803
798,1336
798,799
798,800
798,801
798,802
798,804
799,818
799,826
799,806
800,818
800,826
801,819
801,827
801,808
801,809
801,1815
801,1791
801,802
801,803
801,804
801,805
801,806
802,818
802,805
802,808
802,809
803,804
804,818
804,1791
804,805
804,806
804,807
804,808
805,1791
805,807
805,808
805,809
805,810
805,812
806,827
807,1791
807,1797
808,809
808,1791
808,1815
809,810
809,812
810,818
810,1108
810,1325
810,1322
810,1317
810,854
810,853
810,855
810,1787
810,812
810,825
810,826
810,827
809,810
809,812
812,818
812,1108
812,1809
812,1787
812,825
812,826
812,827
813,821
813,823
813,1230
813,814
813,815
813,816
814,815
814,823
814,821
815,823
815,1854
815,1223
815,816
815,821
815,822
816,1854
816,1230
816,1221
816,1223
816,1194
816,821
816,822
816,823
796,826
796,827
796,809
796,810
796,812
796,1108
796,1791
796,1806
796,1809
796,1815
796,797
796,798
796,799
796,800
796,801
796,802
796,803
796,804
796,805
796,806
796,807
796,808
796,818
796,819
818,826
818,825
818,819
818,819
816,1854
816,1230
816,1221
816,1223
816,1194
816,821
816,822
816,823
821,1854
821,1223
821,1225
821,1230
821,1221
821,822
821,823
821,823
821,823
822,1223
822,1194
822,823
823,1223
810,818
810,1108
810,1325
810,1322
810,1317
810,854
810,853
810,855
810,1787
810,812
810,825
810,826
810,827
825,826
825,827
828,1898
828,829
828,830
828,831
828,832
828,833
829,1895
829,1514
829,833
829,830
829,831
829,832
830,1898
830,1896
830,1514
830,1516
830,1822
830,831
830,832
830,833
831,1898
831,1896
831,1895
831,1897
831,832
831,833
831,833
831,832
831,832
832,1896
832,1895
832,1897
832,1515
832,1516
832,833
832,833
833,1896
833,1897
833,1516
833,1513
833,1822
833,1828
834,843
834,837
834,839
834,842
834,835
834,836
835,843
835,847
835,836
835,837
835,848
835,849
835,851
835,849
836,871
836,843
836,869
836,845
836,847
836,837
836,848
836,849
837,869
837,851
837,868
837,871
837,838
837,839
837,840
837,841
837,842
837,843
837,844
837,845
837,846
837,847
837,848
837,849
838,849
838,847
838,839
838,841
838,842
839,846
839,849
839,868
839,840
839,841
839,842
839,843
839,844
840,872
840,869
840,868
840,841
841,872
841,851
842,869
842,843
842,844
842,846
842,847
843,869
843,851
843,844
843,845
843,846
843,847
844,870
844,868
844,848
844,847
844,845
845,870
845,872
845,868
845,871
845,907
845,900
845,906
845,909
845,846
845,847
845,848
845,851
847,851
847,868
847,870
847,871
847,848
847,849
848,870
848,851
848,871
848,907
848,878
848,881
848,882
848,883
848,886
848,900
849,868
849,851
845,870
845,872
845,868
845,871
845,907
845,900
845,906
845,909
845,846
845,847
845,848
845,851
851,868
851,869
851,870
851,871
851,872
852,1787
852,1322
852,853
852,854
852,855
853,1120
853,1127
853,854
854,1787
854,1221
854,1194
854,855
854,855
854,855
854,855
854,855
855,1787
855,1322
855,1317
856,857
856,858
856,859
856,860
856,861
856,862
857,1493
857,858
857,859
857,861
857,862
857,858
857,859
857,858
858,1003
858,859
858,860
858,861
858,859
858,861
858,859
858,859
858,862
859,860
859,861
859,862
861,862
861,862
863,1117
863,1120
863,1092
863,1113
863,864
863,865
863,866
864,866
864,865
865,1120
865,1121
865,866
865,866
866,1117
866,1092
866,1118
851,868
851,869
851,870
851,871
851,872
868,869
870,871
870,872
871,872
873,1191
873,1192
873,874
873,875
873,876
874,875
874,876
874,876
874,876
874,876
874,876
876,1191
877,890
877,891
877,878
878,906
878,914
878,903
878,900
878,897
878,909
878,896
878,880
878,881
878,882
878,883
878,884
878,885
878,886
878,887
878,888
878,889
878,890
878,891
878,906
878,914
878,903
878,900
878,897
878,909
878,896
878,880
878,881
878,882
878,883
878,884
878,885
878,886
878,887
878,888
878,889
878,890
878,891
880,906
880,901
880,896
880,890
880,902
880,881
880,882
880,883
880,884
881,914
881,897
881,902
881,900
881,906
881,1828
881,910
881,882
881,883
881,884
881,885
881,886
882,906
882,909
882,896
883,909
883,906
883,896
883,910
884,906
884,914
884,903
884,897
884,896
884,885
884,886
884,887
885,914
885,913
885,896
885,900
885,886
885,887
885,888
886,887
886,896
886,906
886,900
887,903
888,914
888,905
888,900
888,907
888,890
888,891
888,893
888,894
889,896
889,911
889,900
889,909
889,910
889,890
890,896
890,898
890,899
890,900
890,906
890,891
891,900
891,904
891,898
891,894
891,911
891,912
888,914
888,905
888,900
888,907
888,890
888,891
888,893
888,894
893,902
893,907
893,894
894,908
894,895
894,905
894,907
894,896
894,899
894,909
894,900
894,910
894,911
894,912
894,913
894,914
894,906
895,900
895,903
895,909
895,911
895,912
895,896
895,897
895,898
895,899
896,902
896,1828
896,904
896,1515
896,1068
896,897
896,898
896,899
896,900
896,908
896,909
896,910
896,911
896,906
896,910
896,914
898,914
898,899
898,900
898,908
898,909
898,910
898,911
898,912
899,914
899,905
899,900
899,908
899,909
899,910
900,914
900,1828
900,1822
900,901
900,902
900,903
900,904
900,905
900,906
900,907
900,908
900,909
900,910
900,911
900,912
901,902
901,903
901,904
901,905
901,906
901,907
901,908
902,909
902,903
902,904
902,905
902,906
902,907
903,904
904,907
904,910
904,906
905,909
905,911
905,906
905,907
906,1515
906,907
906,908
906,909
906,910
906,911
906,912
908,914
908,909
908,910
909,910
909,911
909,912
909,910
909,910
909,914
910,1828
910,1515
910,1476
910,1479
910,911
910,912
910,913
910,914
913,914
915,1794
915,1796
915,1797
915,916
915,917
915,918
916,1794
916,1793
916,1797
916,917
916,918
916,917
916,917
917,1794
917,1797
917,1798
917,1796
917,1792
917,1317
917,918
917,918
917,918
917,918
917,918
918,1797
918,1796
918,1795
918,1792
918,1317
918,1194
919,946
919,945
919,940
919,943
919,938
919,958
919,936
919,920
919,921
919,922
919,923
919,924
919,925
919,926
919,927
919,928
919,929
920,946
920,956
920,921
920,922
920,923
920,924
920,925
920,926
920,927
920,928
920,929
920,931
920,932
920,933
920,935
920,936
921,926
921,960
921,922
921,923
922,936
922,960
922,957
923,945
924,953
924,938
924,939
924,954
924,955
924,963
924,925
925,945
925,940
925,944
925,935
925,926
925,927
926,958
926,955
926,956
926,942
926,929
926,940
926,927
926,928
927,955
927,960
927,940
928,946
928,945
928,958
928,957
928,959
928,960
928,961
928,962
928,929
928,931
928,932
928,933
929,946
928,946
928,945
928,958
928,957
928,959
928,960
928,961
928,962
928,929
928,931
928,932
928,933
931,958
931,956
931,960
931,932
932,945
932,939
932,938
933,955
933,956
933,962
920,946
920,956
920,921
920,922
920,923
920,924
920,925
920,926
920,927
920,928
920,929
920,931
920,932
920,933
920,935
920,936
935,964
935,961
935,940
935,945
936,938
936,939
936,938
936,939
938,959
938,939
938,940
938,945
938,946
938,947
938,948
938,953
938,954
938,955
939,940
939,945
939,947
939,948
939,953
939,954
939,955
939,956
939,959
939,960
939,961
939,962
939,963
939,964
939,961
939,953
940,964
940,962
940,959
940,960
940,957
940,941
940,942
940,943
940,944
940,945
940,946
940,947
940,948
941,959
941,947
941,942
941,943
942,947
942,960
942,943
943,962
943,960
943,961
943,959
943,944
943,945
943,946
944,945
944,946
945,964
948,962
948,956
948,953
949,1198
949,1200
949,950
949,951
950,1202
950,1198
950,1203
950,1206
950,951
951,1202
938,959
938,939
938,940
938,945
938,946
938,947
938,948
938,953
938,954
938,955
953,962
953,955
953,961
953,963
953,954
954,959
954,958
954,960
955,956
955,960
955,961
955,962
956,957
956,958
956,959
956,960
956,961
956,962
956,963
956,964
957,958
957,959
957,960
957,961
958,959
958,960
958,961
958,962
958,963
959,960
960,961
960,962
961,962
961,963
961,964
962,963
962,964
965,978
965,966
965,967
965,968
965,969
965,970
965,971
965,972
966,967
966,968
966,969
966,970
966,971
968,982
968,969
968,970
968,971
968,974
968,975
968,976
969,982
969,970
970,972
970,971
970,974
970,975
970,976
970,978
970,979
970,980
970,981
970,982
971,972
971,974
971,978
971,982
972,974
972,978
972,976
968,982
968,969
968,970
968,971
968,974
968,975
968,976
974,978
975,980
975,976
975,978
976,978
976,979
976,980
976,981
976,982
976,978
976,979
976,980
976,981
976,982
978,979
978,980
978,981
978,982
979,980
979,982
980,981
980,982
980,982
980,982
980,981
981,982
983,995
983,998
983,1000
983,997
983,984
983,985
983,986
983,987
983,988
983,989
983,990
983,991
983,992
983,993
984,1000
984,987
984,991
984,985
984,986
984,988
984,989
984,990
985,987
985,991
985,986
985,989
985,990
986,995
986,988
986,987
987,990
988,1000
988,992
989,991
989,1002
989,996
990,997
990,993
990,995
990,1003
990,991
991,997
991,1001
991,993
991,995
991,999
991,992
991,996
992,1001
992,996
992,1003
992,1002
992,993
992,995
992,997
992,998
992,999
992,1000
993,1391
993,995
993,996
993,997
993,998
993,999
993,1000
993,1001
993,1002
993,1003
993,1391
993,995
993,996
993,997
993,998
993,999
993,1000
993,1001
993,1002
993,1003
995,996
995,997
995,998
995,999
995,1000
996,997
996,998
996,999
996,1000
996,1001
996,1002
996,1003
996,1003
996,1003
996,1003
997,1001
999,1001
1002,1003
1003,1391
1004,1005
1005,1273
1006,1027
1006,1018
1006,1044
1006,1019
1006,1007
1006,1008
1006,1009
1006,1010
1006,1011
1006,1012
1006,1013
1006,1014
1007,1029
1007,1026
1007,1021
1007,1008
1007,1009
1007,1010
1007,1011
1007,1012
1007,1013
1007,1014
1007,1015
1007,1018
1007,1022
1007,1037
1007,1038
1007,1016
1007,1017
1007,1039
1007,1040
1007,1041
1007,1042
1007,1030
1007,1025
1007,1027
1007,1043
1007,1044
1007,1045
1007,1046
1008,1041
1008,1038
1008,1022
1008,1025
1008,1009
1008,1010
1008,1011
1008,1012
1008,1013
1008,1014
1008,1015
1009,1042
1009,1045
1009,1039
1010,1037
1010,1029
1010,1022
1010,1027
1010,1011
1010,1012
1010,1013
1010,1014
1010,1015
1011,1017
1011,1015
1011,1041
1011,1022
1011,1012
1011,1013
1012,1037
1012,1040
1012,1029
1013,1027
1013,1028
1013,1022
1013,1039
1013,1019
1014,1029
1014,1016
1014,1018
1015,1029
1015,1041
1015,1016
1015,1017
1016,1021
1016,1017
1016,1018
1016,1022
1016,1039
1016,1040
1016,1042
1017,1030
1017,1026
1017,1018
1017,1022
1018,1027
1018,1030
1018,1046
1018,1044
1018,1019
1018,1020
1018,1021
1018,1022
1019,1039
1019,1020
1019,1021
1019,1022
1019,1024
1020,1046
1020,1042
1020,1021
1020,1022
1020,1024
1020,1025
1020,1026
1020,1027
1020,1028
1020,1029
1020,1030
1021,1027
1021,1046
1021,1039
1022,1027
1022,1046
1022,1044
1022,1024
1022,1025
1022,1026
1022,1028
1022,1029
1022,1030
1022,1037
1022,1038
1022,1039
1022,1040
1020,1046
1020,1042
1020,1021
1020,1022
1020,1024
1020,1025
1020,1026
1020,1027
1020,1028
1020,1029
1020,1030
1024,1046
1025,1046
1025,1317
1025,1026
1025,1027
1025,1028
1025,1029
1025,1030
1025,1043
1025,1044
1025,1045
1026,1030
1026,1027
1027,1042
1027,1028
1027,1029
1027,1030
1028,1046
1028,1029
1029,1037
1031,1595
1031,1599
1031,1032
1031,1033
1031,1034
1031,1035
1032,1595
1032,1565
1032,1559
1032,1566
1032,1033
1032,1035
1032,1035
1032,1035
1033,1035
1033,2000
1033,1034
1034,2000
1035,1565
1035,1559
1035,1580
1035,1403
1007,1029
1007,1026
1007,1021
1007,1008
1007,1009
1007,1010
1007,1011
1007,1012
1007,1013
1007,1014
1007,1015
1007,1018
1007,1022
1007,1037
1007,1038
1007,1016
1007,1017
1007,1039
1007,1040
1007,1041
1007,1042
1007,1030
1007,1025
1007,1027
1007,1043
1007,1044
1007,1045
1007,1046
1037,1038
1037,1039
1037,1040
1038,1046
1038,1039
1038,1040
1038,1041
1038,1043
1038,1044
1041,1042
1041,1043
1041,1044
1043,1045
1043,1044
1044,1045
1044,1046
1044,1046
1047,1070
1047,1073
1047,1088
1047,1071
1047,1048
1047,1049
1047,1050
1047,1051
1047,1052
1048,1069
1048,1073
1048,1088
1048,1071
1048,1087
1048,1052
1048,1049
1049,1124
1049,1126
1049,1087
1049,1088
1049,1050
1049,1051
1049,1052
1049,1071
1050,1070
1050,1071
1050,1069
1050,1051
1050,1052
1051,1124
1051,1052
1051,1071
1051,1052
1052,1124
1052,1125
1052,1126
1052,1383
1052,1389
1052,1386
1052,1165
1052,1659
1052,1653
1052,1160
1052,1546
1052,1543
1052,1166
1052,1071
1052,1088
1052,1070
1052,1087
1052,1087
1052,1087
1052,1070
1052,1070
1053,1076
1053,1054
1053,1055
1053,1056
1053,1057
1053,1058
1053,1059
1053,1060
1053,1061
1053,1062
1054,1078
1054,1059
1054,1068
1054,1055
1055,1064
1055,1068
1055,1058
1055,1056
1055,1057
1055,1059
1055,1060
1056,1078
1056,1068
1056,1079
1056,1081
1056,1057
1056,1058
1056,1059
1056,1060
1057,1080
1057,1064
1057,1079
1058,1068
1058,1065
1058,1059
1058,1060
1058,1061
1058,1062
1058,1064
1059,1066
1059,1065
1059,1067
1059,1080
1059,1068
1059,1060
1059,1061
1059,1062
1059,1064
1059,1076
1059,1077
1059,1078
1060,1066
1060,1061
1060,1062
1060,1064
1060,1076
1060,1068
1060,1077
1060,1078
1060,1079
1060,1080
1060,1081
1061,1076
1061,1078
1061,1079
1062,1079
1062,1068
1062,1081
1062,1064
1062,1076
1058,1068
1058,1065
1058,1059
1058,1060
1058,1061
1058,1062
1058,1064
1064,1066
1064,1065
1064,1077
1064,1079
1064,1080
1064,1081
1065,1081
1065,1066
1065,1067
1065,1068
1066,1076
1066,1067
1066,1068
1068,1476
1068,1479
1068,1590
1068,1077
1068,1078
1068,1079
1068,1080
1068,1081
1069,1070
1069,1071
1069,1072
1069,1073
1069,1074
1070,1124
1070,1126
1070,1071
1070,1072
1070,1073
1070,1074
1070,1087
1070,1088
1071,1124
1071,1126
1071,1386
1071,1383
1071,1389
1071,1072
1071,1073
1071,1074
1071,1087
1071,1088
1072,1126
1072,1383
1072,1382
1072,1389
1073,1126
1074,1126
1060,1066
1060,1061
1060,1062
1060,1064
1060,1076
1060,1068
1060,1077
1060,1078
1060,1079
1060,1080
1060,1081
1076,1077
1076,1078
1076,1079
1078,1079
1078,1080
1078,1081
1082,1715
1082,1697
1082,1695
1082,1083
1082,1084
1082,1085
1083,1084
1084,1688
1084,1685
1084,1085
1085,1715
1085,1703
1085,1704
1085,1705
1071,1124
1071,1126
1071,1386
1071,1383
1071,1389
1071,1072
1071,1073
1071,1074
1071,1087
1071,1088
1087,1124
1087,1389
1087,1386
1087,1383
1087,1088
1089,1095
1089,1121
1089,1120
1089,1090
1090,1104
1090,1110
1090,1095
1090,1121
1090,1098
1090,1099
1090,1100
1090,1101
1090,1102
1090,1092
1090,1096
1091,1114
1091,1111
1091,1112
1091,1092
1091,1093
1091,1094
1091,1095
1091,1096
1092,1110
1092,1123
1092,1098
1092,1118
1092,1111
1092,1117
1092,1120
1092,1099
1092,1100
1092,1116
1092,1093
1092,1094
1092,1095
1092,1096
1092,1104
1092,1105
1092,1106
1093,1114
1093,1094
1093,1095
1093,1096
1094,1098
1094,1100
1094,1116
1094,1095
1094,1096
1095,1100
1096,1114
1096,1098
1096,1099
1096,1101
1096,1100
1096,1118
1096,1104
1096,1105
1096,1106
1096,1110
1096,1123
1096,1122
1096,1120
1090,1104
1090,1110
1090,1095
1090,1121
1090,1098
1090,1099
1090,1100
1090,1101
1090,1102
1090,1092
1090,1096
1098,1104
1098,1110
1098,1122
1098,1113
1098,1099
1098,1100
1098,1101
1098,1102
1098,1118
1099,1104
1099,1100
1099,1101
1099,1102
1099,1118
1099,1120
1099,1121
1099,1122
1100,1104
1100,1105
1100,1101
1100,1123
1100,1102
1100,1118
1100,1122
1100,1121
1102,1104
1102,1110
1092,1110
1092,1123
1092,1098
1092,1118
1092,1111
1092,1117
1092,1120
1092,1099
1092,1100
1092,1116
1092,1093
1092,1094
1092,1095
1092,1096
1092,1104
1092,1105
1092,1106
1104,1111
1104,1113
1104,1117
1104,1105
1104,1106
1104,1110
1105,1106
1105,1110
1106,1115
1106,1117
1106,1120
1107,1419
1107,1108
1108,1419
1104,1111
1104,1113
1104,1117
1104,1105
1104,1106
1104,1110
1110,1123
1111,1112
1111,1113
1111,1114
1111,1115
1111,1116
1111,1117
1111,1118
1112,1123
1112,1121
1112,1117
1112,1113
1112,1114
1112,1115
1112,1116
1114,1115
1115,1123
1115,1121
1116,1120
1117,1118
1117,1120
1117,1121
1117,1122
1118,1123
1118,1120
1118,1121
1118,1122
1118,1123
1118,1120
1118,1121
1118,1122
1120,1777
1120,1127
1120,1221
1120,1194
1120,1121
1120,1122
1120,1121
1120,1121
1121,1122
1124,1125
1124,1126
1127,1671
1127,1128
1127,1129
1127,1130
1127,1131
1127,1132
1127,1133
1127,1134
1127,1135
1128,1133
1128,1129
1128,1130
1128,1131
1128,1132
1129,1671
1129,1130
1129,1131
1129,1132
1129,1133
1129,1134
1129,1135
1129,1135
1130,1131
1132,1133
1133,1134
1133,1135
1136,1153
1136,1152
1136,1151
1136,1137
1136,1138
1136,1139
1136,1140
1136,1141
1136,1142
1136,1143
1136,1144
1136,1145
1137,1152
1137,1156
1137,1138
1137,1139
1137,1140
1137,1141
1137,1142
1137,1143
1137,1144
1137,1145
1137,1150
1138,1157
1138,1152
1138,1139
1138,1140
1138,1141
1138,1142
1139,1150
1139,1145
1139,1140
1139,1141
1140,1153
1140,1151
1140,1152
1141,1150
1141,1156
1141,1153
1142,1157
1143,1151
1143,1144
1143,1145
1144,1867
1144,1145
1145,1150
1145,1151
1145,1152
1145,1156
1146,1168
1146,1175
1146,1164
1146,1147
1146,1148
1147,1175
1147,1177
1147,1181
1147,1183
1147,1176
1147,1362
1147,1373
1147,1148
1147,1159
1147,1160
1147,1161
1147,1162
1147,1163
1148,1183
1148,1176
1148,1185
1148,1175
1148,1182
1148,1367
1148,1389
1148,1383
1148,1359
1148,1543
1148,1159
1148,1160
1148,1161
1148,1162
1148,1163
1148,1164
1148,1165
1148,1166
1148,1167
1148,1168
1137,1152
1137,1156
1137,1138
1137,1139
1137,1140
1137,1141
1137,1142
1137,1143
1137,1144
1137,1145
1137,1150
1150,1155
1150,1151
1151,1170
1151,1155
1151,1152
1151,1153
1152,1153
1152,1155
1152,1156
1152,1157
1153,1170
1153,1155
1153,1156
1152,1153
1152,1155
1152,1156
1152,1157
1155,1156
1156,1170
1157,1170
1148,1183
1148,1176
1148,1185
1148,1175
1148,1182
1148,1367
1148,1389
1148,1383
1148,1359
1148,1543
1148,1159
1148,1160
1148,1161
1148,1162
1148,1163
1148,1164
1148,1165
1148,1166
1148,1167
1148,1168
1159,1163
1159,1168
1159,1362
1159,1367
1159,1373
1159,1359
1159,1160
1159,1161
1160,1163
1160,1373
1160,1389
1161,1168
1161,1166
1161,1362
1162,1367
1163,1175
1163,1183
1164,1175
1164,1176
1164,1184
1164,1165
1164,1166
1165,1185
1165,1367
1165,1383
1165,1389
1165,1659
1165,1167
1165,1168
1165,1175
1165,1177
1165,1178
1165,1179
1166,1180
1166,1175
1166,1374
1166,1367
1166,1543
1166,1546
1166,1167
1166,1168
1166,1171
1166,1174
1167,1180
1167,1181
1167,1175
1167,1178
1157,1170
1171,1180
1171,1172
1172,1178
1172,1175
1166,1180
1166,1175
1166,1374
1166,1367
1166,1543
1166,1546
1166,1167
1166,1168
1166,1171
1166,1174
1174,1184
1174,1179
1174,1374
1174,1373
1174,1370
1174,1175
1174,1182
1174,1183
1175,1176
1175,1177
1175,1178
1175,1179
1175,1180
1175,1181
1175,1182
1175,1183
1175,1184
1175,1185
1178,1179
1178,1180
1178,1181
1178,1182
1178,1183
1179,1367
1179,1366
1179,1370
1180,1181
1180,1182
1183,1184
1185,1366
1185,1367
1186,1221
1186,1848
1186,1223
1186,1187
1186,1188
1186,1189
1186,1190
1186,1191
1186,1192
1187,1196
1187,1194
1187,1852
1187,1851
1187,1854
1187,1188
1187,1189
1188,1848
1188,1849
1189,1221
1189,1226
1189,1848
1189,1849
1189,1223
1189,1190
1189,1191
1190,1848
1190,1849
1190,1850
1190,1223
1190,1194
1190,1191
1190,1192
1190,1193
1190,1196
1190,1197
1190,1221
1191,1192
1191,1193
1191,1195
1191,1197
1191,1228
1191,1229
1193,1851
1193,1852
1193,1194
1193,1195
1193,1196
1193,1197
1194,1851
1194,1849
1194,1202
1194,1224
1194,1225
1194,1321
1194,1543
1194,1195
1194,1196
1194,1197
1194,1221
1194,1230
1194,1196
1194,1229
1194,1195
1194,1229
1194,1223
1194,1196
1194,1227
1194,1223
1194,1223
1194,1228
1195,1229
1195,1227
1195,1196
1195,1197
1195,1221
1195,1230
1196,1851
1196,1849
1196,1197
1196,1221
1196,1230
1197,1229
1197,1223
1198,1206
1198,1205
1198,1199
1198,1200
1198,1201
1198,1202
1198,1203
1199,1202
1199,1203
1199,1200
1200,1221
1200,1223
1200,1201
1200,1202
1200,1203
1200,1205
1200,1206
1201,1205
1202,1221
1202,1203
1202,1205
1202,1206
1203,1206
1200,1221
1200,1223
1200,1201
1200,1202
1200,1203
1200,1205
1200,1206
1207,1216
1207,1212
1207,1215
1207,1208
1207,1209
1208,1218
1208,1210
1208,1212
1208,1217
1209,1218
1209,1219
1209,1215
1209,1212
1209,1210
1210,1211
1210,1212
1210,1213
1210,1214
1210,1215
1210,1216
1210,1217
1210,1218
1210,1219
1210,1220
1211,1219
1211,1220
1211,1212
1211,1213
1211,1214
1211,1215
1212,1214
1212,1215
1212,1216
1212,1217
1212,1218
1212,1219
1212,1220
1212,1219
1213,1214
1213,1215
1213,1216
1213,1217
1213,1218
1214,1219
1215,1218
1215,1219
1215,1220
1215,1216
1216,1218
1216,1217
1217,1218
1218,1219
1218,1220
1219,1456
1219,1220
1221,1845
1221,1841
1221,1792
1221,1222
1221,1223
1221,1224
1221,1225
1221,1226
1221,1227
1221,1228
1221,1229
1221,1230
1222,1845
1222,1224
1222,1225
1222,1226
1223,1849
1223,1224
1223,1225
1223,1226
1223,1227
1223,1228
1223,1229
1223,1230
1224,1850
1224,1854
1224,1225
1225,1845
1225,1850
1226,1845
1226,1227
1227,1841
1227,1852
1227,1854
1227,1228
1227,1229
1227,1230
1228,1849
1228,1230
1229,1841
1229,1836
1229,1843
1229,1850
1229,1856
1229,1230
1230,1845
1231,1270
1231,1247
1231,1232
1231,1233
1231,1234
1231,1235
1231,1236
1231,1237
1231,1238
1232,1267
1232,1245
1232,1247
1232,1250
1232,1256
1232,1260
1232,1233
1232,1234
1232,1235
1232,1236
1232,1237
1232,1238
1232,1240
1232,1241
1232,1242
1232,1243
1232,1244
1233,1247
1233,1254
1233,1256
1233,1266
1233,1234
1233,1235
1233,1236
1233,1237
1234,1270
1234,1261
1234,1264
1235,1247
1236,1245
1236,1246
1236,1247
1237,1240
1237,1251
1237,1253
1237,1255
1238,1269
1238,1260
1238,1256
1238,1261
1238,1254
1238,1245
1238,1259
1238,1265
1238,1266
1238,1240
1238,1241
1238,1242
1238,1243
1238,1244
1238,1247
1232,1267
1232,1245
1232,1247
1232,1250
1232,1256
1232,1260
1232,1233
1232,1234
1232,1235
1232,1236
1232,1237
1232,1238
1232,1240
1232,1241
1232,1242
1232,1243
1232,1244
1240,1247
1240,1254
1240,1250
1240,1261
1240,1265
1240,1241
1240,1242
1240,1243
1241,1247
1241,1260
1241,1254
1242,1267
1242,1259
1243,1251
1243,1266
1244,1251
1244,1248
1244,1253
1244,1255
1245,1269
1245,1264
1245,1259
1245,1261
1245,1265
1245,1246
1245,1247
1245,1248
1246,1269
1246,1260
1246,1247
1246,1248
1247,1269
1247,1248
1247,1250
1247,1251
1247,1253
1247,1254
1247,1255
1247,1256
1247,1257
1247,1258
1247,1259
1247,1260
1247,1261
1247,1262
1247,1263
1247,1264
1247,1265
1247,1266
1248,1260
1248,1263
1248,1250
1248,1251
1248,1260
1248,1263
1248,1250
1248,1251
1250,1267
1250,1261
1250,1380
1250,1742
1250,1753
1250,1251
1250,1253
1250,1254
1250,1255
1250,1256
1250,1257
1250,1258
1250,1259
1251,1266
1251,1253
1251,1255
1247,1269
1247,1248
1247,1250
1247,1251
1247,1253
1247,1254
1247,1255
1247,1256
1247,1257
1247,1258
1247,1259
1247,1260
1247,1261
1247,1262
1247,1263
1247,1264
1247,1265
1247,1266
1253,1267
1253,1261
1253,1266
1253,1254
1253,1255
1253,1256
1254,1266
1254,1264
1254,1255
1254,1256
1254,1257
1254,1258
1256,1269
1256,1267
1256,1266
1256,1380
1256,1258
1256,1259
1256,1260
1256,1261
1256,1262
1256,1263
1256,1264
1256,1265
1257,1266
1257,1264
1257,1265
1257,1259
1258,1262
1258,1259
1258,1260
1259,1260
1259,1261
1259,1262
1259,1263
1259,1264
1259,1265
1259,1266
1259,1267
1260,1269
1260,1261
1260,1262
1260,1263
1260,1264
1261,1753
1261,1742
1261,1476
1261,1262
1261,1263
1261,1264
1261,1265
1261,1266
1261,1267
1261,1269
1261,1270
1262,1264
1262,1266
1264,1265
1264,1266
1264,1267
1264,1269
1264,1270
1264,1270
1264,1266
1265,1267
1266,1267
1266,1269
1266,1270
1261,1753
1261,1742
1261,1476
1261,1262
1261,1263
1261,1264
1261,1265
1261,1266
1261,1267
1261,1269
1261,1270
1271,1275
1271,1276
1271,1272
1271,1273
1272,1275
1272,1280
1272,1273
1272,1274
1273,1276
1273,1274
1273,1275
1273,1279
1273,1280
1273,1281
1274,1275
1274,1276
1274,1277
1275,1276
1275,1277
1275,1279
1275,1280
1275,1281
1275,1282
1276,1281
1276,1277
1276,1279
1277,1279
1277,1280
1277,1281
1277,1282
1277,1282
1275,1276
1275,1277
1275,1279
1275,1280
1275,1281
1275,1282
1279,1280
1281,1282
1281,1282
1281,1282
1283,1308
1283,1297
1283,1306
1283,1284
1283,1285
1283,1286
1283,1287
1283,1288
1283,1289
1283,1290
1283,1291
1283,1292
1284,1296
1284,1294
1284,1308
1284,1302
1284,1306
1284,1305
1284,1285
1284,1286
1284,1287
1284,1288
1284,1289
1284,1290
1285,1302
1285,1304
1285,1305
1286,1308
1286,1306
1286,1305
1286,1304
1286,1826
1286,1822
1286,1835
1286,1828
1286,1515
1286,1287
1286,1288
1286,1289
1286,1290
1286,1291
1286,1292
1286,1293
1286,1300
1287,1306
1287,1288
1288,1308
1288,1290
1289,1306
1289,1305
1289,1300
1290,1309
1290,1305
1290,1301
1290,1291
1290,1292
1290,1293
1291,1308
1291,1294
1292,1309
1292,1306
1292,1304
1292,1293
1293,1305
1293,1306
1293,1310
1293,1294
1293,1295
1293,1296
1293,1297
1293,1298
1293,1299
1293,1300
1293,1301
1293,1302
1294,1308
1294,1306
1294,1295
1294,1296
1294,1297
1295,1299
1295,1305
1295,1296
1296,1297
1296,1298
1297,1298
1297,1299
1297,1300
1297,1301
1297,1302
1297,1304
1297,1305
1297,1306
1297,1308
1297,1309
1298,1309
1298,1305
1298,1301
1299,1305
1299,1306
1300,1310
1300,1301
1300,1302
1300,1304
1300,1305
1300,1306
1301,1302
1301,1304
1301,1305
1301,1306
1301,1309
1301,1310
1301,1306
1302,1304
1302,1305
1302,1306
1302,1308
1302,1309
1302,1310
1300,1310
1300,1301
1300,1302
1300,1304
1300,1305
1300,1306
1304,1310
1305,1306
1305,1308
1305,1309
1305,1310
1306,1308
1306,1309
1306,1310
1305,1306
1305,1308
1305,1309
1305,1310
1311,1339
1311,1335
1311,1338
1311,1347
1311,1312
1311,1313
1311,1314
1311,1315
1311,1316
1311,1317
1311,1318
1311,1319
1311,1320
1311,1321
1311,1322
1311,1323
1311,1324
1311,1325
1311,1326
1311,1327
1311,1328
1311,1329
1311,1330
1311,1331
1311,1332
1312,1336
1312,1331
1313,1344
1313,1341
1313,1345
1313,1347
1313,1349
1313,1350
1313,1348
1313,1314
1313,1315
1313,1316
1313,1317
1314,1339
1314,1319
1314,1326
1314,1350
1314,1324
1314,1315
1314,1316
1315,1339
1315,1319
1315,1317
1315,1322
1315,1325
1315,1327
1315,1336
1316,1325
1316,1323
1316,1334
1316,1336
1316,1317
1316,1318
1316,1319
1316,1320
1316,1321
1317,1325
1317,1322
1317,1318
1317,1319
1317,1320
1318,1321
1318,1319
1318,1327
1318,1336
1318,1325
1318,1322
1319,1339
1319,1332
1319,1320
1319,1321
1319,1322
1319,1324
1319,1325
1319,1326
1320,1328
1320,1325
1320,1321
1320,1322
1321,1325
1321,1335
1322,1347
1322,1350
1322,1323
1322,1324
1322,1325
1322,1326
1322,1327
1322,1328
1322,1329
1322,1330
1322,1331
1322,1332
1322,1335
1322,1336
1322,1338
1322,1339
1322,1340
1322,1341
1323,1339
1323,1347
1323,1336
1323,1344
1323,1324
1323,1325
1323,1326
1324,1332
1324,1348
1324,1347
1324,1336
1324,1325
1324,1326
1324,1327
1325,1350
1325,1344
1325,1326
1325,1327
1325,1328
1325,1329
1325,1330
1325,1331
1325,1332
1325,1334
1325,1335
1325,1336
1327,1334
1328,1344
1328,1336
1328,1338
1328,1347
1329,1341
1329,1330
1329,1338
1329,1343
1329,1345
1330,1344
1330,1331
1330,1332
1330,1334
1330,1335
1330,1336
1330,1338
1330,1339
1330,1340
1330,1341
1331,1350
1331,1336
1331,1332
1332,1339
1332,1348
1325,1350
1325,1344
1325,1326
1325,1327
1325,1328
1325,1329
1325,1330
1325,1331
1325,1332
1325,1334
1325,1335
1325,1336
1335,1344
1335,1350
1335,1336
1335,1338
1335,1339
1335,1340
1335,1341
1335,1343
1336,1338
1336,1339
1336,1340
1336,1341
1336,1343
1336,1344
1336,1345
1336,1347
1336,1348
1336,1349
1336,1350
1330,1344
1330,1331
1330,1332
1330,1334
1330,1335
1330,1336
1330,1338
1330,1339
1330,1340
1330,1341
1338,1339
1338,1340
1338,1341
1338,1343
1338,1344
1338,1345
1338,1347
1338,1348
1338,1349
1338,1350
1339,1345
1339,1340
1339,1347
1339,1348
1340,1344
1340,1345
1341,1343
1341,1344
1341,1345
1341,1343
1341,1344
1341,1345
1343,1344
1344,1345
1344,1347
1344,1349
1344,1350
1344,1350
1344,1348
1345,1347
1345,1348
1345,1349
1338,1339
1338,1340
1338,1341
1338,1343
1338,1344
1338,1345
1338,1347
1338,1348
1338,1349
1338,1350
1348,1349
1348,1350
1349,1350
1351,1372
1351,1374
1351,1377
1351,1362
1351,1379
1351,1370
1351,1366
1351,1363
1351,1367
1351,1352
1351,1353
1351,1354
1351,1355
1351,1356
1351,1357
1351,1358
1351,1359
1351,1360
1351,1361
1352,1359
1352,1375
1352,1376
1352,1378
1353,1379
1353,1362
1353,1370
1353,1354
1353,1355
1354,1358
1354,1359
1354,1360
1354,1355
1354,1356
1355,1372
1355,1358
1355,1377
1355,1366
1356,1372
1356,1377
1356,1364
1356,1362
1356,1363
1356,1357
1356,1358
1356,1359
1357,1379
1357,1359
1357,1376
1358,1372
1358,1359
1358,1360
1358,1370
1358,1359
1358,1359
1358,1359
1359,1365
1359,1533
1359,1551
1359,1543
1359,1546
1359,1360
1359,1361
1359,1362
1359,1374
1359,1375
1359,1376
1359,1377
1359,1378
1359,1379
1360,1377
1361,1372
1361,1374
1361,1377
1361,1370
1361,1365
1361,1362
1362,1363
1362,1364
1362,1365
1362,1366
1362,1367
1362,1368
1362,1369
1362,1370
1362,1371
1362,1372
1362,1373
1362,1374
1362,1375
1362,1376
1362,1377
1362,1378
1362,1379
1363,1371
1363,1378
1363,1374
1363,1364
1363,1365
1363,1366
1363,1367
1363,1368
1363,1369
1363,1370
1365,1374
1365,1379
1365,1366
1365,1367
1366,1723
1366,1725
1366,1543
1366,1367
1366,1368
1367,1378
1367,1374
1367,1383
1367,1368
1367,1369
1367,1370
1367,1371
1367,1372
1367,1373
1368,1371
1368,1374
1368,1370
1369,1370
1369,1374
1370,1371
1370,1372
1370,1373
1370,1374
1370,1375
1370,1376
1370,1377
1370,1378
1370,1379
1370,1374
1370,1374
1370,1374
1370,1374
1370,1374
1370,1374
1370,1374
1370,1374
1370,1374
1370,1374
1371,1375
1373,1721
1373,1722
1373,1723
1373,1374
1374,1375
1374,1376
1374,1377
1374,1378
1381,1638
1381,1389
1381,1387
1381,1382
1381,1383
1382,1638
1382,1636
1382,1383
1382,1386
1382,1387
1382,1388
1382,1389
1383,1637
1383,1725
1383,1653
1383,1543
1383,1386
1383,1387
1383,1388
1383,1389
1383,1389
1384,1385
1386,1638
1386,1637
1386,1387
1386,1388
1386,1389
1387,1636
1387,1388
1387,1389
1387,1389
1387,1389
1388,1638
1388,1637
1389,1637
1389,1636
1389,1653
1390,1391
1392,1430
1392,1413
1392,1417
1392,1418
1392,1393
1392,1394
1393,1417
1393,1425
1393,1429
1393,1433
1393,1403
1393,1432
1393,1434
1393,1394
1393,1411
1394,1417
1394,1432
1394,1425
1394,1414
1394,1429
1394,1413
1394,1396
1394,1400
1394,1404
1394,1399
1394,1408
1394,1411
1394,1403
1394,1434
1394,1431
1394,1421
1394,1418
1394,1431
1394,1431
1394,1433
1395,1412
1395,1414
1395,1415
1395,1411
1395,1432
1395,1424
1395,1431
1395,2000
1395,1559
1395,1396
1395,1397
1395,1398
1395,1399
1395,1400
1395,1401
1395,1402
1395,1403
1395,1404
1395,1405
1395,1406
1395,1407
1395,1408
1395,1409
1396,1412
1396,1421
1396,1432
1396,1424
1396,1431
1396,1433
1396,1397
1396,1398
1396,1399
1396,1400
1396,1401
1396,1402
1396,1404
1396,1405
1396,1406
1396,1407
1396,1408
1396,1409
1396,1403
1396,1426
1397,1421
1397,1432
1397,1407
1397,1403
1397,1401
1397,1398
1397,1399
1398,1401
1398,1402
1398,1407
1398,1403
1399,1432
1399,1431
1400,1421
1401,1412
1401,1403
1401,1407
1401,1402
1402,1412
1402,1403
1402,1406
1402,1409
1402,1418
1402,1430
1402,1431
1402,1404
1402,1405
1403,1580
1403,1559
1403,1702
1403,1703
1403,1404
1403,1405
1403,1406
1403,1407
1403,1408
1403,1409
1403,1424
1403,1425
1403,1426
1403,1427
1403,1428
1403,1429
1403,1413
1403,1415
1403,1417
1403,1418
1403,1430
1403,1431
1403,1432
1403,1433
1403,1411
1403,1434
1403,1421
1403,1422
1404,1412
1404,1432
1404,1431
1404,1405
1404,1406
1404,1407
1404,1408
1404,1409
1404,1424
1404,1425
1404,1426
1405,1421
1405,1424
1405,1408
1405,1426
1406,1412
1407,1411
1408,1412
1408,1421
1408,1431
1408,1580
1408,1567
1408,2000
1408,1702
1408,1691
1408,1557
1408,1415
1408,1588
1408,1409
1408,1424
1408,1425
1408,1426
1408,1427
1408,1428
1408,1429
1409,1432
1409,1580
1393,1417
1393,1425
1393,1429
1393,1433
1393,1403
1393,1432
1393,1434
1393,1394
1393,1411
1411,1417
1411,1425
1411,1414
1411,1429
1411,1434
1412,1413
1412,1414
1412,1415
1413,1422
1413,1432
1413,1427
1413,1429
1413,1433
1413,1430
1413,1414
1413,1415
1413,1416
1413,1417
1413,1418
1415,1420
1415,1424
1415,1702
1415,1691
1415,1705
1415,2000
1415,1557
1415,1416
1415,1417
1415,1418
1415,1430
1415,1431
1415,1432
1415,1433
1415,1434
1416,1422
1416,1420
1416,1421
1416,1417
1416,1418
1417,1420
1417,1418
1417,1430
1417,1431
1417,1432
1417,1433
1418,1429
1418,1420
1418,1428
1418,1430
1418,1431
1418,1432
1418,1433
1418,1434
1420,1433
1420,1421
1420,1422
1421,1426
1421,1422
1403,1580
1403,1559
1403,1702
1403,1703
1403,1404
1403,1405
1403,1406
1403,1407
1403,1408
1403,1409
1403,1424
1403,1425
1403,1426
1403,1427
1403,1428
1403,1429
1403,1413
1403,1415
1403,1417
1403,1418
1403,1430
1403,1431
1403,1432
1403,1433
1403,1411
1403,1434
1403,1421
1403,1422
1424,1434
1424,1430
1424,1433
1424,1425
1424,1426
1424,1427
1424,1428
1424,1429
1425,1434
1427,1428
1427,1429
1427,1430
1427,1431
1427,1432
1427,1433
1428,1430
1429,1434
1429,1430
1429,1431
1429,1432
1429,1433
1431,1567
1431,1702
1431,1703
1431,1557
1431,1590
1431,1435
1431,1432
1431,1433
1431,1434
1432,1433
1433,1434
1436,1437
1436,1438
1436,1439
1436,1440
1437,1446
1437,1447
1437,1454
1437,1469
1437,1464
1437,1463
1437,1467
1437,1455
1437,1456
1437,1471
1437,1438
1437,1439
1438,1453
1438,1452
1438,1450
1438,1474
1438,1458
1438,1461
1438,1440
1438,1444
1438,1445
1438,1446
1438,1447
1438,1448
1439,1458
1439,1454
1439,1456
1439,1471
1439,1474
1440,1453
1438,1453
1438,1452
1438,1450
1438,1474
1438,1458
1438,1461
1438,1440
1438,1444
1438,1445
1438,1446
1438,1447
1438,1448
1444,1474
1444,1445
1444,1446
1444,1447
1444,1448
1444,1454
1445,1474
1445,1458
1445,1452
1445,1459
1445,1446
1445,1447
1445,1448
1445,1454
1445,1462
1445,1469
1445,1471
1445,1473
1445,1455
1445,1469
1446,1472
1446,1474
1446,1461
1446,1447
1446,1448
1446,1454
1446,1469
1446,1459
1446,1455
1446,1456
1446,1458
1447,1450
1447,1472
1448,1458
1448,1461
1449,1465
1449,1462
1449,1450
1450,1472
1451,1475
1451,1458
1451,1461
1451,1452
1451,1453
1452,1474
1452,1473
1452,1475
1452,1464
1452,1453
1452,1454
1452,1456
1452,1457
1452,1458
1452,1459
1453,1475
1454,1464
1454,1472
1454,1455
1454,1456
1454,1457
1454,1458
1454,1459
1454,1460
1454,1461
1455,1466
1455,1457
1455,1458
1455,1459
1455,1460
1455,1461
1455,1471
1455,1464
1455,1469
1455,1469
1455,1456
1455,1456
1455,1469
1455,1461
1456,1474
1456,1472
1456,1473
1456,1457
1456,1458
1456,1459
1456,1460
1456,1461
1456,1471
1456,1471
1456,1475
1456,1464
1457,1464
1457,1472
1457,1458
1457,1459
1458,1472
1458,1459
1458,1460
1458,1461
1458,1471
1458,1475
1458,1474
1458,1474
1459,1474
1459,1464
1459,1460
1459,1471
1460,1466
1460,1464
1460,1472
1461,1472
1461,1467
1462,1463
1462,1464
1462,1465
1462,1466
1462,1467
1463,1464
1463,1465
1463,1466
1463,1467
1463,1472
1464,1465
1464,1466
1464,1467
1464,1472
1464,1471
1465,1466
1446,1472
1446,1474
1446,1461
1446,1447
1446,1448
1446,1454
1446,1469
1446,1459
1446,1455
1446,1456
1446,1458
1469,1474
1459,1474
1459,1464
1459,1460
1459,1471
1471,1474
1472,1473
1472,1474
1472,1475
1473,1474
1474,1475
1476,1590
1476,1477
1476,1478
1476,1479
1476,1480
1476,1481
1476,1482
1477,1491
1477,1478
1479,1482
1479,1484
1479,1988
1479,1480
1479,1481
1479,1483
1479,1485
1479,1486
1479,1487
1479,1488
1479,1490
1479,1491
1480,1482
1481,1482
1482,1490
1482,1483
1482,1485
1482,1486
1482,1487
1483,1484
1483,1485
1483,1486
1483,1487
1483,1488
1484,1487
1484,1485
1484,1486
1485,1490
1485,1487
1488,1491
1488,1490
1479,1482
1479,1484
1479,1988
1479,1480
1479,1481
1479,1483
1479,1485
1479,1486
1479,1487
1479,1488
1479,1490
1479,1491
1490,1491
1492,1507
1492,1508
1492,1493
1493,1507
1493,1508
1494,1503
1494,1502
1494,1511
1494,1495
1495,1510
1495,1512
1495,1511
1495,1502
1495,1503
1496,1653
1496,1663
1496,1497
1496,1498
1496,1499
1496,1500
1497,1647
1497,1646
1497,1649
1497,1498
1497,1499
1497,1500
1498,1650
1498,1663
1498,1647
1498,1653
1498,1659
1498,1648
1498,1499
1498,1500
1499,1653
1499,1650
1499,1648
1499,1500
1500,1659
1495,1510
1495,1512
1495,1511
1495,1502
1495,1503
1502,1510
1502,1512
1502,1503
1502,1505
1502,1509
1502,1511
1503,1511
1503,1505
1503,1511
1503,1505
1505,1511
1505,1509
1505,1510
1505,1512
1493,1507
1493,1508
1507,1508
1509,1510
1509,1511
1509,1512
1510,1511
1510,1512
1511,1512
1511,1512
1513,1822
1513,1514
1513,1515
1513,1516
1514,1515
1514,1516
1515,1835
1515,1822
1515,1828
1515,1516
1515,1516
1516,1835
1516,1828
1517,1539
1517,1533
1517,1527
1517,1518
1517,1519
1518,1556
1518,1543
1518,1533
1518,1539
1518,1519
1518,1521
1518,1522
1519,1543
1519,1527
1519,1556
1519,1521
1519,1522
1519,1543
1519,1527
1519,1556
1519,1521
1519,1522
1521,1543
1521,1554
1521,1556
1521,1542
1521,1522
1521,1524
1521,1525
1521,1526
1521,1527
1521,1528
1521,1529
1521,1530
1521,1531
1521,1532
1521,1533
1521,1534
1521,1535
1521,1536
1521,1537
1522,1536
1522,1539
1522,1531
1521,1543
1521,1554
1521,1556
1521,1542
1521,1522
1521,1524
1521,1525
1521,1526
1521,1527
1521,1528
1521,1529
1521,1530
1521,1531
1521,1532
1521,1533
1521,1534
1521,1535
1521,1536
1521,1537
1524,1556
1524,1535
1525,1540
1525,1554
1525,1526
1525,1527
1526,1540
1526,1531
1526,1527
1526,1529
1526,1530
1527,1553
1527,1532
1527,1554
1527,1556
1527,1528
1527,1529
1527,1530
1527,1531
1527,1533
1527,1534
1527,1535
1527,1536
1527,1537
1527,1539
1527,1540
1527,1542
1527,1543
1527,1544
1527,1545
1527,1546
1528,1536
1528,1543
1528,1545
1528,1554
1528,1552
1528,1556
1528,1542
1528,1529
1528,1530
1528,1531
1528,1532
1528,1534
1528,1535
1529,1531
1529,1532
1530,1554
1530,1542
1530,1533
1531,1536
1531,1554
1531,1542
1531,1539
1531,1532
1531,1533
1531,1534
1532,1536
1532,1543
1532,1554
1533,1543
1533,1545
1533,1551
1533,1546
1533,1534
1533,1535
1533,1537
1533,1539
1533,1540
1534,1543
1534,1544
1534,1546
1534,1548
1534,1549
1534,1554
1534,1555
1534,1535
1534,1536
1535,1545
1535,1548
1535,1549
1535,1554
1536,1539
1536,1540
1536,1546
1536,1537
1536,1542
1536,1543
1536,1544
1537,1540
1533,1543
1533,1545
1533,1551
1533,1546
1533,1534
1533,1535
1533,1537
1533,1539
1533,1540
1539,1553
1539,1554
1539,1556
1539,1551
1539,1540
1539,1542
1539,1543
1539,1544
1539,1545
1539,1546
1539,1548
1539,1549
1540,1556
1540,1542
1527,1553
1527,1532
1527,1554
1527,1556
1527,1528
1527,1529
1527,1530
1527,1531
1527,1533
1527,1534
1527,1535
1527,1536
1527,1537
1527,1539
1527,1540
1527,1542
1527,1543
1527,1544
1527,1545
1527,1546
1542,1554
1542,1543
1542,1544
1543,1725
1543,1544
1543,1545
1543,1546
1543,1548
1543,1549
1543,1551
1543,1552
1543,1553
1543,1554
1543,1555
1543,1556
1544,1553
1545,1548
1545,1549
1546,1548
1539,1553
1539,1554
1539,1556
1539,1551
1539,1540
1539,1542
1539,1543
1539,1544
1539,1545
1539,1546
1539,1548
1539,1549
1549,1551
1549,1552
1543,1725
1543,1544
1543,1545
1543,1546
1543,1548
1543,1549
1543,1551
1543,1552
1543,1553
1543,1554
1543,1555
1543,1556
1551,1552
1552,1553
1552,1554
1552,1555
1552,1556
1553,1554
1554,1555
1554,1556
1554,1556
1554,1556
1554,1556
1555,1556
1555,1556
1555,1556
1555,1556
1555,1556
1555,1556
1555,1556
1555,1556
1557,1577
1557,1603
1557,1595
1557,1691
1557,1558
1557,1559
1557,1560
1557,1561
1557,1562
1557,1563
1557,1564
1557,1565
1557,1566
1558,1598
1558,1577
1558,1575
1558,1573
1558,1601
1558,1564
1558,1559
1558,1560
1558,1561
1558,1562
1558,1563
1559,1577
1559,1575
1559,1601
1559,1596
1559,1560
1559,1561
1559,1562
1559,1563
1559,1564
1559,1565
1559,1566
1559,1571
1560,1603
1560,1564
1561,1575
1561,1573
1561,1569
1561,1562
1562,1601
1562,1595
1562,1596
1563,1598
1563,1577
1563,1574
1563,1566
1563,1578
1563,1579
1563,1580
1563,1595
1563,1564
1564,1577
1564,1573
1564,1565
1565,1596
1565,1595
1566,1600
1566,1603
1566,1571
1566,1573
1566,1577
1566,1578
1566,1579
1566,1580
1567,1599
1567,1568
1567,1569
1568,1997
1568,1599
1568,1595
1568,1569
1568,1571
1569,1600
1569,1571
1569,1573
1569,1574
1569,1575
1569,1576
1569,1577
1559,1577
1559,1575
1559,1601
1559,1596
1559,1560
1559,1561
1559,1562
1559,1563
1559,1564
1559,1565
1559,1566
1559,1571
1571,1595
1571,1576
1571,1573
1571,1595
1571,1576
1571,1573
1573,1600
1573,1597
1573,1602
1573,1998
1573,2000
1573,1997
1573,1574
1573,1575
1573,1576
1573,1577
1573,1578
1573,1579
1573,1580
1574,1998
1574,1997
1574,1580
1574,1575
1574,1576
1574,1577
1574,1578
1574,1579
1575,1577
1576,1580
1577,1600
1577,1601
1577,1603
1577,1578
1577,1579
1577,1580
1577,1595
1577,1599
1578,1603
1578,1595
1579,1600
1579,1997
1580,1595
1580,1598
1580,1599
1580,1600
1580,1602
1580,1603
1580,1600
1580,1597
1581,1931
1581,1918
1581,1922
1581,1940
1581,1909
1581,1582
1581,1583
1581,1584
1581,1585
1581,1586
1581,1587
1581,1588
1581,1589
1581,1590
1581,1591
1581,1592
1581,1593
1581,1594
1582,1592
1582,1593
1582,1591
1582,1594
1582,1918
1582,1922
1582,1583
1582,1584
1582,1585
1582,1586
1582,1587
1582,1588
1582,1589
1582,1590
1583,1592
1583,1584
1583,1591
1583,1585
1583,1586
1583,1587
1584,1590
1584,1591
1584,1593
1584,1588
1584,1594
1584,1592
1584,1589
1584,1585
1584,1586
1584,1587
1585,1594
1585,1591
1586,1918
1586,1940
1586,1932
1586,1909
1586,1587
1586,1588
1586,1589
1586,1590
1586,1591
1586,1592
1586,1591
1586,1591
1587,1592
1587,1588
1588,1931
1588,1940
1588,1909
1588,1589
1588,1590
1588,1591
1588,1592
1588,1593
1588,1594
1589,1592
1590,1931
1590,1918
1590,1940
1590,1932
1590,1909
1590,1591
1590,1592
1590,1593
1590,1591
1590,1591
1590,1591
1590,1591
1591,1918
1591,1909
1591,1899
1591,1592
1591,1593
1591,1594
1595,1596
1595,1597
1595,1598
1595,1599
1595,1600
1595,1601
1595,1602
1595,1603
1596,1597
1596,1598
1596,1599
1596,1600
1596,1601
1597,1598
1597,1599
1597,1600
1597,1601
1597,1602
1597,1603
1597,1602
1599,1601
1599,1602
1599,1602
1599,1600
1599,1600
1599,1600
1599,1602
1599,1600
1600,1601
1600,1602
1600,1603
1601,1602
1601,1603
1602,1603
1604,1626
1604,1630
1604,1624
1604,1629
1604,1634
1604,1605
1604,1606
1604,1607
1604,1608
1604,1609
1604,1610
1604,1611
1604,1612
1604,1613
1605,1630
1605,1606
1605,1607
1605,1608
1605,1609
1606,1630
1606,1621
1606,1622
1607,1626
1607,1616
1607,1615
1607,1608
1607,1609
1607,1610
1607,1611
1607,1613
1607,1617
1607,1618
1607,1619
1607,1624
1607,1630
1607,1631
1607,1632
1608,1640
1608,1639
1608,1641
1608,1611
1608,1621
1609,1626
1609,1625
1609,1624
1610,1626
1610,1630
1610,1641
1610,1622
1610,1633
1610,1611
1610,1612
1610,1613
1610,1617
1610,1618
1610,1619
1610,1621
1610,1615
1611,1626
1611,1617
1611,1641
1611,1640
1611,1635
1612,1622
1612,1641
1612,1613
1612,1621
1613,1626
1613,1616
1613,1625
1613,1614
1613,1632
1613,1627
1613,1617
1613,1618
1613,1619
1613,1621
1614,1623
1614,1619
1614,1632
1614,1615
1614,1616
1615,1616
1615,1635
1615,1640
1615,1640
1615,1641
1616,1617
1616,1631
1617,1621
1617,1622
1617,1618
1617,1619
1618,1625
1618,1624
1610,1626
1610,1630
1610,1641
1610,1622
1610,1633
1610,1611
1610,1612
1610,1613
1610,1617
1610,1618
1610,1619
1610,1621
1610,1615
1621,1631
1621,1633
1621,1632
1621,1641
1621,1622
1621,1627
1621,1639
1621,1640
1622,1639
1622,1629
1622,1623
1622,1624
1622,1625
1622,1626
1622,1627
1623,1629
1623,1624
1623,1625
1624,1639
1624,1625
1624,1626
1624,1627
1624,1629
1624,1630
1624,1631
1624,1632
1624,1633
1624,1634
1624,1635
1626,1629
1627,1639
1627,1641
1624,1639
1624,1625
1624,1626
1624,1627
1624,1629
1624,1630
1624,1631
1624,1632
1624,1633
1624,1634
1624,1635
1629,1634
1629,1630
1629,1631
1629,1632
1630,1631
1630,1632
1630,1633
1630,1634
1631,1640
1632,1633
1632,1634
1632,1635
1633,1641
1633,1634
1633,1635
1635,1641
1636,1637
1636,1638
1637,1638
1639,1640
1639,1641
1640,1641
1640,1641
1642,1643
1644,1677
1644,1676
1644,1645
1644,1646
1644,1647
1644,1648
1644,1649
1644,1650
1644,1651
1644,1652
1645,1649
1645,1648
1645,1651
1645,1646
1645,1647
1646,1655
1646,1653
1646,1647
1646,1648
1647,1677
1647,1650
1647,1659
1647,1660
1647,1674
1647,1653
1647,1648
1647,1649
1648,1655
1648,1657
1648,1649
1648,1650
1648,1651
1648,1652
1648,1653
1648,1662
1648,1663
1648,1674
1648,1659
1649,1676
1649,1654
1649,1659
1649,1650
1649,1651
1650,1658
1650,1677
1650,1660
1650,1675
1650,1654
1650,1674
1650,1659
1650,1651
1650,1652
1650,1653
1650,1662
1650,1663
1652,1658
1652,1653
1652,1662
1652,1663
1652,1674
1652,1662
1652,1662
1652,1662
1652,1677
1652,1659
1652,1677
1652,1659
1652,1660
1653,1675
1653,1674
1653,1723
1653,1725
1653,1654
1653,1655
1653,1656
1653,1657
1653,1658
1653,1659
1653,1660
1654,1675
1655,1656
1655,1657
1656,1662
1656,1658
1657,1662
1657,1675
1657,1658
1657,1659
1657,1660
1658,1662
1658,1663
1659,1674
1659,1723
1659,1660
1659,1660
1659,1660
1660,1662
1660,1675
1650,1658
1650,1677
1650,1660
1650,1675
1650,1654
1650,1674
1650,1659
1650,1651
1650,1652
1650,1653
1650,1662
1650,1663
1662,1663
1662,1674
1663,1674
1664,1681
1664,1665
1664,1666
1664,1667
1664,1668
1664,1669
1665,1668
1665,1667
1665,1669
1665,1683
1666,1681
1666,1683
1666,1667
1666,1668
1666,1669
1667,1682
1667,1683
1667,1681
1667,1668
1667,1669
1668,1669
1668,1679
1668,1680
1668,1681
1668,1682
1668,1683
1669,1681
1669,1680
1670,1671
1672,1673
1674,1723
1674,1675
1674,1676
1674,1677
1675,1676
1675,1677
1668,1669
1668,1679
1668,1680
1668,1681
1668,1682
1668,1683
1679,1680
1681,1682
1681,1683
1681,1683
1681,1683
1684,1701
1684,1685
1684,1686
1684,1687
1684,1688
1684,1689
1684,1690
1684,1691
1684,1692
1684,1693
1684,1694
1684,1695
1684,1696
1684,1697
1685,1720
1685,1716
1685,1718
1685,1693
1685,1695
1685,1704
1685,1702
1685,1703
1685,1712
1685,1686
1685,1687
1685,1688
1685,1689
1685,1690
1685,1691
1685,1692
1686,1701
1686,1699
1686,1687
1687,1720
1687,1709
1687,1698
1687,1699
1687,1700
1687,1688
1687,1689
1688,1698
1689,1720
1689,1709
1689,1706
1689,1697
1689,1700
1689,1690
1690,1709
1690,1714
1690,1710
1690,1705
1690,1702
1690,1704
1690,1716
1690,1691
1690,1692
1690,1693
1691,1714
1691,1705
1691,1712
1691,1704
1691,1716
1691,1703
1691,1702
1691,1692
1691,1693
1691,1694
1691,1695
1692,1695
1692,1710
1692,1717
1692,1716
1692,1693
1692,1696
1692,1697
1692,1712
1693,1695
1694,1714
1694,1705
1694,1710
1694,1703
1694,1704
1694,1695
1694,1696
1694,1697
1695,1704
1695,1696
1695,1697
1695,1714
1695,1715
1696,1717
1696,1710
1696,1705
1696,1697
1696,1712
1696,1714
1697,1698
1697,1712
1697,1714
1697,1715
1697,1716
1697,1717
1697,1718
1697,1719
1697,1720
1697,1709
1697,1710
1698,1718
1698,1705
1698,1707
1698,1710
1698,1699
1698,1700
1698,1701
1698,1702
1698,1703
1698,1704
1699,1714
1699,1700
1699,1701
1699,1702
1699,1703
1699,1704
1699,1705
1700,1707
1700,1701
1700,1702
1700,1703
1700,1704
1700,1705
1700,1702
1700,1716
1700,1710
1700,1709
1700,1719
1700,1703
1700,1703
1700,1719
1700,1704
1700,1709
1700,1702
1700,1719
1700,1703
1700,1702
1701,1702
1702,1720
1702,1703
1702,1704
1702,1705
1703,1718
1703,1714
1703,1704
1703,1705
1704,1714
1704,1716
1704,1712
1704,1710
1704,1705
1705,1719
1705,1716
1705,1706
1705,1707
1705,1708
1705,1709
1705,1710
1706,1707
1706,1708
1706,1709
1706,1710
1707,1719
1707,1717
1707,1720
1707,1708
1708,1719
1709,1710
1692,1695
1692,1710
1692,1717
1692,1716
1692,1693
1692,1696
1692,1697
1692,1712
1697,1698
1697,1712
1697,1714
1697,1715
1697,1716
1697,1717
1697,1718
1697,1719
1697,1720
1697,1709
1697,1710
1714,1715
1714,1716
1716,1717
1716,1718
1716,1719
1716,1720
1717,1718
1717,1719
1718,1719
1718,1720
1719,1720
1721,1722
1721,1723
1721,1724
1721,1725
1722,1724
1722,1723
1723,1724
1723,1725
1723,1725
1726,1732
1726,1734
1726,1727
1726,1728
1726,1729
1726,1730
1726,1731
1727,1769
1727,1757
1727,1751
1727,1760
1727,1733
1727,1741
1727,1749
1727,1728
1727,1729
1727,1730
1727,1731
1727,1736
1727,1737
1728,1742
1729,1757
1729,1753
1729,1762
1729,1766
1729,1768
1730,1734
1730,1731
1730,1736
1730,1737
1730,1738
1730,1739
1731,1732
1731,1769
1731,1737
1732,1733
1732,1734
1733,1738
1733,1762
1733,1734
1733,1750
1734,1738
1734,1739
1734,1748
1734,1761
1734,1750
1734,1769
1734,1768
1734,1769
1734,1757
1734,1769
1734,1769
1734,1751
1734,1769
1734,1769
1734,1768
1730,1734
1730,1731
1730,1736
1730,1737
1730,1738
1730,1739
1736,1769
1736,1760
1736,1754
1736,1757
1736,1761
1736,1750
1736,1738
1736,1739
1736,1741
1736,1742
1736,1747
1736,1748
1736,1749
1736,1753
1736,1763
1736,1764
1736,1765
1736,1766
1736,1767
1737,1741
1737,1749
1737,1752
1738,1769
1738,1748
1738,1739
1739,1748
1739,1747
1739,1741
1739,1742
1739,1748
1739,1747
1739,1741
1739,1742
1741,1742
1741,1747
1741,1748
1741,1749
1742,1747
1742,1748
1742,1749
1742,1753
1743,1787
1743,1744
1743,1745
1744,1803
1744,1775
1744,1771
1744,1811
1744,1800
1744,1787
1744,1777
1744,1808
1744,1815
1744,1745
1744,1745
1745,1803
1745,1787
1745,1775
1741,1742
1741,1747
1741,1748
1741,1749
1747,1760
1747,1756
1747,1748
1747,1749
1747,1753
1747,1763
1747,1764
1747,1765
1747,1766
1747,1767
1747,1768
1749,1753
1750,1761
1750,1755
1750,1757
1750,1763
1750,1764
1750,1766
1750,1767
1750,1751
1750,1752
1751,1752
1751,1753
1751,1763
1751,1764
1751,1765
1751,1766
1751,1767
1751,1768
1751,1769
1751,1769
1752,1761
1752,1753
1752,1763
1752,1764
1752,1765
1752,1766
1753,1754
1753,1755
1753,1756
1753,1757
1753,1758
1753,1759
1753,1760
1753,1761
1753,1762
1753,1763
1753,1764
1753,1765
1753,1766
1753,1767
1753,1768
1753,1769
1754,1755
1754,1757
1754,1758
1754,1760
1755,1757
1755,1758
1755,1759
1755,1760
1755,1761
1755,1762
1755,1763
1755,1764
1755,1765
1755,1766
1756,1766
1756,1757
1757,1758
1757,1759
1757,1760
1757,1761
1757,1762
1757,1763
1757,1764
1757,1765
1757,1766
1757,1767
1757,1768
1757,1769
1760,1767
1760,1761
1760,1762
1760,1763
1761,1762
1761,1763
1761,1764
1761,1765
1761,1766
1761,1767
1768,1769
1770,1801
1770,1792
1770,1771
1771,1813
1771,1805
1771,1801
1771,1811
1771,1791
1771,1814
1771,1815
1771,1773
1771,1774
1771,1775
1771,1813
1771,1805
1771,1801
1771,1811
1771,1791
1771,1814
1771,1815
1771,1773
1771,1774
1771,1775
1773,1778
1773,1779
1773,1784
1773,1787
1773,1774
1773,1775
1773,1777
1774,1778
1775,1777
1775,1777
1777,1788
1777,1807
1777,1800
1777,1801
1777,1778
1777,1781
1777,1782
1777,1783
1777,1784
1777,1785
1777,1786
1777,1787
1778,1810
1778,1807
1778,1779
1778,1780
1778,1781
1778,1782
1778,1783
1778,1784
1778,1785
1778,1786
1778,1787
1778,1788
1779,1804
1779,1787
1779,1791
1779,1780
1780,1813
1780,1791
1781,1801
1781,1791
1781,1811
1781,1815
1781,1814
1782,1810
1782,1807
1782,1783
1782,1784
1782,1785
1782,1786
1782,1787
1782,1788
1782,1792
1782,1800
1783,1788
1783,1810
1783,1807
1783,1787
1783,1806
1783,1808
1783,1784
1783,1785
1783,1786
1784,1807
1784,1800
1784,1808
1784,1787
1784,1806
1784,1809
1785,1788
1785,1787
1786,1807
1786,1803
1787,1790
1787,1789
1787,1788
1787,1792
1787,1800
1787,1801
1787,1791
1787,1803
1787,1804
1787,1805
1787,1806
1787,1807
1787,1808
1787,1809
1787,1810
1787,1811
1787,1812
1787,1813
1787,1814
1787,1815
1789,1808
1789,1811
1789,1814
1789,1790
1789,1791
1789,1792
1790,1813
1790,1804
1790,1791
1790,1792
1791,1792
1791,1800
1791,1801
1791,1803
1791,1804
1791,1806
1791,1807
1791,1808
1791,1809
1791,1810
1791,1811
1791,1812
1791,1813
1791,1814
1791,1815
1791,1811
1791,1814
1792,1811
1792,1815
1792,1806
1792,1795
1792,1800
1792,1801
1793,1794
1793,1795
1793,1796
1793,1797
1793,1798
1794,1795
1795,1796
1795,1797
1796,1797
1797,1798
1792,1811
1792,1815
1792,1806
1792,1795
1792,1800
1792,1801
1800,1811
1787,1790
1787,1789
1787,1788
1787,1792
1787,1800
1787,1801
1787,1791
1787,1803
1787,1804
1787,1805
1787,1806
1787,1807
1787,1808
1787,1809
1787,1810
1787,1811
1787,1812
1787,1813
1787,1814
1787,1815
1803,1804
1804,1813
1804,1806
1804,1808
1805,1813
1805,1806
1805,1807
1805,1808
1805,1809
1806,1807
1806,1808
1806,1809
1806,1810
1806,1811
1806,1812
1806,1813
1806,1814
1806,1815
1807,1810
1807,1808
1808,1813
1808,1809
1808,1810
1808,1812
1809,1813
1811,1812
1811,1813
1811,1814
1811,1815
1811,1814
1811,1815
1811,1814
1812,1814
1812,1815
1814,1815
1814,1815
1816,1826
1816,1827
1816,1835
1816,1828
1816,1834
1816,1817
1816,1818
1816,1819
1816,1820
1816,1821
1816,1822
1817,1835
1817,1826
1817,1818
1818,1831
1818,1826
1818,1819
1818,1820
1818,1821
1818,1822
1819,1831
1819,1832
1819,1835
1819,1820
1820,1826
1820,1829
1820,1822
1821,1825
1821,1822
1822,1823
1822,1825
1822,1826
1822,1827
1822,1828
1822,1829
1822,1830
1822,1831
1822,1832
1822,1833
1822,1834
1822,1835
1823,1828
1823,1826
1823,1827
1822,1823
1822,1825
1822,1826
1822,1827
1822,1828
1822,1829
1822,1830
1822,1831
1822,1832
1822,1833
1822,1834
1822,1835
1825,1826
1825,1832
1826,1827
1826,1828
1826,1829
1826,1830
1826,1831
1826,1832
1826,1833
1826,1834
1826,1835
1827,1833
1827,1835
1827,1828
1828,1829
1828,1830
1828,1831
1828,1832
1828,1833
1828,1834
1828,1835
1829,1832
1830,1831
1830,1833
1830,1834
1830,1835
1831,1832
1831,1833
1831,1834
1831,1835
1831,1835
1833,1835
1833,1834
1834,1835
1834,1835
1834,1835
1834,1835
1834,1835
1834,1835
1836,1849
1836,1847
1836,1848
1836,1837
1836,1838
1836,1839
1836,1840
1836,1841
1837,1840
1837,1852
1837,1838
1837,1839
1837,1841
1837,1843
1837,1844
1837,1845
1837,1846
1838,1852
1838,1841
1838,1846
1838,1853
1838,1855
1839,1846
1839,1856
1839,1840
1839,1841
1840,1846
1840,1847
1840,1852
1840,1841
1840,1843
1840,1844
1840,1845
1841,1843
1841,1844
1841,1845
1841,1846
1841,1847
1841,1848
1841,1849
1841,1850
1841,1851
1841,1852
1841,1853
1841,1854
1841,1855
1841,1856
1841,1843
1841,1844
1841,1845
1841,1846
1841,1847
1841,1848
1841,1849
1841,1850
1841,1851
1841,1852
1841,1853
1841,1854
1841,1855
1841,1856
1844,1846
1844,1856
1846,1856
1846,1847
1846,1848
1846,1849
1846,1851
1846,1852
1846,1853
1846,1854
1846,1855
1847,1855
1847,1848
1847,1849
1847,1850
1847,1851
1848,1849
1849,1855
1849,1850
1849,1851
1849,1852
1849,1853
1850,1851
1850,1852
1851,1852
1851,1853
1851,1854
1852,1853
1852,1854
1852,1855
1854,1856
1855,1856
1857,1876
1857,1893
1857,1883
1857,1872
1857,1885
1857,1892
1857,1873
1857,1858
1857,1859
1857,1860
1857,1861
1857,1862
1857,1863
1857,1864
1858,1866
1858,1880
1858,1893
1858,1873
1858,1877
1858,1872
1858,1859
1858,1860
1858,1861
1858,1862
1858,1863
1858,1864
1858,1868
1858,1882
1858,1867
1858,1883
1858,1884
1858,1885
1858,1886
1858,1887
1858,1888
1858,1889
1858,1890
1858,1891
1859,1893
1859,1885
1859,1867
1859,1884
1859,1860
1859,1861
1860,1887
1860,1883
1860,1884
1860,1888
1860,1889
1860,1873
1861,1888
1861,1883
1862,1865
1862,1866
1862,1892
1863,1876
1863,1874
1863,1864
1864,1876
1865,1889
1865,1890
1865,1866
1865,1867
1866,1889
1866,1883
1866,1887
1867,1874
1867,1893
1867,1890
1867,1877
1867,1960
1867,1883
1867,1884
1867,1885
1867,1886
1867,1888
1867,1889
1867,1891
1867,1892
1867,1883
1867,1883
1868,1878
1868,1869
1868,1870
1868,1871
1868,1872
1868,1873
1868,1874
1869,1878
1869,1877
1869,1883
1869,1882
1869,1885
1869,1890
1869,1892
1869,1870
1869,1871
1870,1892
1870,1894
1870,1887
1870,1885
1870,1882
1870,1871
1870,1872
1870,1873
1870,1874
1870,1876
1870,1877
1870,1878
1871,1891
1871,1884
1871,1887
1872,1890
1872,1885
1872,1873
1872,1874
1872,1876
1872,1877
1872,1878
1872,1879
1872,1880
1873,1887
1873,1889
1873,1891
1873,1883
1873,1886
1873,1882
1873,1884
1873,1892
1873,1874
1873,1876
1873,1877
1873,1878
1873,1879
1874,1885
1874,1883
1874,1876
1874,1877
1874,1878
1873,1887
1873,1889
1873,1891
1873,1883
1873,1886
1873,1882
1873,1884
1873,1892
1873,1874
1873,1876
1873,1877
1873,1878
1873,1879
1877,1884
1877,1878
1877,1879
1878,1892
1879,1886
1879,1887
1879,1888
1879,1889
1879,1880
1880,1890
1880,1883
1880,1884
1858,1866
1858,1880
1858,1893
1858,1873
1858,1877
1858,1872
1858,1859
1858,1860
1858,1861
1858,1862
1858,1863
1858,1864
1858,1868
1858,1882
1858,1867
1858,1883
1858,1884
1858,1885
1858,1886
1858,1887
1858,1888
1858,1889
1858,1890
1858,1891
1882,1893
1882,1883
1882,1884
1882,1885
1882,1886
1882,1887
1882,1888
1883,1884
1883,1885
1883,1886
1883,1887
1883,1888
1883,1889
1883,1890
1883,1891
1883,1892
1883,1893
1883,1893
1883,1893
1883,1887
1883,1887
1883,1887
1884,1893
1884,1885
1884,1886
1884,1887
1884,1888
1884,1889
1884,1890
1884,1891
1884,1892
1886,1887
1886,1888
1886,1889
1886,1890
1886,1891
1887,1893
1887,1888
1887,1889
1887,1890
1887,1891
1888,1892
1892,1893
1892,1894
1893,1894
1895,1896
1895,1897
1895,1898
1896,1897
1896,1898
1897,1898
1899,1930
1899,1918
1899,1935
1899,1915
1899,1938
1899,1913
1899,1940
1899,1931
1899,1900
1899,1901
1899,1902
1899,1903
1899,1904
1899,1905
1899,1906
1899,1907
1899,1908
1899,1909
1899,1910
1899,1911
1900,1913
1900,1940
1900,1901
1900,1902
1900,1903
1900,1904
1900,1905
1901,1913
1901,1906
1901,1915
1901,1922
1901,1902
1901,1903
1902,1913
1902,1915
1902,1935
1903,1930
1903,1917
1903,1940
1903,1904
1903,1905
1903,1906
1903,1907
1903,1908
1903,1909
1904,1918
1904,1914
1904,1937
1904,1934
1904,1927
1904,1913
1904,1905
1905,1940
1906,1917
1906,1940
1906,1918
1906,1913
1906,1937
1906,1931
1906,1907
1906,1908
1906,1909
1906,1910
1907,1929
1907,1924
1907,1921
1908,1917
1908,1912
1908,1914
1908,1931
1908,1909
1908,1910
1908,1911
1909,1930
1909,1924
1909,1926
1909,1933
1909,1938
1909,1915
1909,1940
1909,1932
1909,1910
1909,1911
1909,1920
1909,1921
1909,1918
1909,1913
1909,1914
1910,1930
1910,1911
1910,1920
1910,1925
1910,1929
1911,1930
1911,1917
1911,1935
1911,1913
1911,1915
1911,1938
1912,1935
1912,1927
1912,1932
1912,1938
1912,1931
1912,1937
1912,1939
1912,1913
1912,1914
1912,1915
1912,1916
1912,1917
1912,1918
1913,1924
1913,1931
1913,1932
1913,1914
1913,1915
1913,1916
1913,1918
1913,1935
1913,1938
1913,1939
1914,1939
1914,1916
1914,1917
1914,1918
1915,1931
1915,1940
1915,1916
1915,1917
1915,1935
1915,1938
1916,1939
1916,1935
1916,1918
1917,1920
1917,1925
1918,1930
1918,1931
1918,1924
1918,1935
1918,1938
1918,1939
1918,1940
1918,1937
1909,1930
1909,1924
1909,1926
1909,1933
1909,1938
1909,1915
1909,1940
1909,1932
1909,1910
1909,1911
1909,1920
1909,1921
1909,1918
1909,1913
1909,1914
1920,1927
1920,1935
1920,1921
1920,1925
1920,1929
1920,1930
1920,1931
1921,1925
1921,1929
1922,1923
1922,1924
1922,1925
1922,1926
1922,1927
1923,1925
1923,1926
1923,1927
1923,1930
1923,1931
1923,1932
1923,1924
1924,1938
1924,1925
1924,1926
1924,1929
1924,1930
1924,1931
1924,1932
1924,1933
1924,1934
1924,1935
1925,1926
1925,1927
1925,1929
1925,1930
1925,1931
1925,1932
1925,1933
1925,1934
1925,1935
1926,1927
1926,1929
1926,1930
1927,1929
1927,1930
1927,1931
1927,1933
1927,1934
1927,1935
1925,1926
1925,1927
1925,1929
1925,1930
1925,1931
1925,1932
1925,1933
1925,1934
1925,1935
1929,1938
1929,1932
1930,1931
1930,1932
1930,1933
1931,1932
1931,1933
1931,1935
1931,1937
1931,1938
1931,1939
1931,1940
1931,1940
1932,1933
1932,1934
1932,1935
1932,1937
1932,1938
1934,1935
1934,1937
1935,1937
1935,1938
1935,1939
1935,1940
1935,1937
1935,1938
1935,1939
1935,1940
1937,1938
1937,1939
1937,1940
1941,1949
1941,1951
1941,1953
1941,1959
1941,1963
1941,1964
1941,1972
1941,1942
1942,1956
1942,1949
1942,1957
1942,1984
1942,1948
1942,1944
1942,1945
1942,1956
1942,1949
1942,1957
1942,1984
1942,1948
1942,1944
1942,1945
1944,1976
1944,1974
1944,1975
1944,1977
1944,1945
1944,1951
1944,1949
1944,1961
1944,1962
1944,1963
1945,1966
1945,1949
1945,1963
1945,1959
1945,1951
1946,1980
1946,1963
1946,1966
1946,1947
1946,1948
1946,1949
1946,1950
1946,1951
1947,1963
1947,1979
1947,1976
1947,1948
1948,1979
1949,1985
1949,1986
1949,1981
1949,1977
1949,1984
1949,1983
1949,1976
1949,1950
1949,1951
1949,1953
1949,1954
1949,1956
1949,1957
1949,1958
1949,1959
1949,1960
1949,1961
1949,1962
1949,1963
1949,1964
1949,1965
1949,1966
1949,1967
1949,1968
1949,1969
1949,1970
1949,1971
1949,1972
1949,1973
1950,1980
1950,1973
1950,1984
1951,1965
1951,1963
1951,1966
1951,1967
1951,1970
1951,1953
1951,1954
1951,1965
1951,1963
1951,1966
1951,1967
1951,1970
1951,1953
1951,1954
1953,1965
1953,1954
1953,1956
1953,1957
1953,1959
1954,1967
1954,1964
1954,1966
1954,1970
1954,1971
1954,1956
1949,1985
1949,1986
1949,1981
1949,1977
1949,1984
1949,1983
1949,1976
1949,1950
1949,1951
1949,1953
1949,1954
1949,1956
1949,1957
1949,1958
1949,1959
1949,1960
1949,1961
1949,1962
1949,1963
1949,1964
1949,1965
1949,1966
1949,1967
1949,1968
1949,1969
1949,1970
1949,1971
1949,1972
1949,1973
1956,1986
1956,1984
1956,1976
1956,1957
1957,1986
1958,1969
1958,1959
1958,1960
1958,1961
1958,1962
1958,1963
1959,1966
1959,1973
1959,1960
1960,1969
1960,1981
1960,1961
1960,1962
1961,1976
1961,1966
1961,1970
1961,1972
1961,1973
1961,1962
1961,1963
1962,1966
1963,1979
1963,1964
1963,1965
1963,1966
1963,1967
1964,1965
1964,1966
1964,1967
1965,1985
1965,1966
1965,1967
1965,1968
1965,1969
1965,1970
1965,1971
1966,1976
1966,1978
1966,1977
1966,1986
1966,1967
1966,1968
1966,1969
1966,1970
1966,1971
1966,1972
1966,1973
1966,1980
1967,1985
1967,1976
1967,1974
1967,1977
1967,1979
1967,1984
1967,1968
1967,1969
1967,1970
1967,1971
1967,1972
1967,1980
1968,1985
1968,1980
1968,1981
1968,1983
1968,1976
1970,1976
1971,1985
1971,1981
1971,1973
1971,1976
1972,1982
1972,1973
1972,1980
1972,1985
1973,1986
1973,1983
1973,1980
1973,1984
1973,1985
1974,1975
1974,1976
1974,1977
1974,1978
1974,1979
1975,1976
1975,1977
1976,1982
1976,1977
1976,1978
1976,1979
1976,1980
1976,1984
1976,1985
1976,1986
1976,1977
1976,1984
1977,1978
1977,1979
1977,1980
1977,1984
1977,1986
1977,1986
1977,1986
1977,1986
1978,1979
1978,1980
1980,1981
1980,1982
1980,1983
1980,1984
1980,1985
1980,1986
1981,1982
1981,1983
1981,1985
1981,1986
1981,1986
1982,1985
1983,1985
1983,1986
1983,1986
1983,1986
1983,1986
1984,1985
1984,1986
1984,1986
1984,1986
1987,1988
1987,1989
1987,1990
1987,1991
1987,1992
1987,1993
1987,1994
1987,1995
1987,1996
1988,1989
1988,1990
1988,1991
1988,1992
1988,1993
1988,1994
1988,1995
1988,1996
1989,1990
1989,1991
1989,1992
1989,1993
1989,1994
1989,1995
1989,1996
1990,1992
1990,1994
1990,1991
1991,1996
1991,1992
1991,1993
1992,1996
1992,1995
1992,1993
1993,1996
1995,1996
1995,1996
1995,1996
1997,1998
1997,1999
1997,2000
1998,1999
1998,2000
1999,2000